+00013 +00911 +00010;   
+00009 +00915 +00007;   
+00010 +00913 +00005;   
+00012 +00909 -00255;   
+00006 +00910 -00002;   
+00007 +00908 +00009;   
+00017 +00912 +00010;   
+00014 +00907 +00000;   
+00006 +00915 +00253;   
+00019 +00914 +00004;   
+00007 +00916 +00010;   
+00011 +00916 +00003;   
+00012 +00911 +00003;   
+00017 +00909 +00000;   
+00014 +00911 +00002;   
+00013 +00911 +00003;   
+00014 +00909 -00247;   
+00011 +00914 +00002;   
+00012 +00907 +00002;   
+00010 +00907 +00000;   
+00012 +00918 +00001;   
+00010 +00913 -00256;   
+00016 +00910 +00007;   
+00012 +00918 +00255;   
+00011 +00916 +00001;   
+00019 +00909 +00005;   
+00013 +00911 +00000;   
+00013 +00914 +00005;   
+00013 +00912 -00250;   
+00012 +00913 +00000;   
+00014 +00912 -00253;   
+00011 +00915 +00000;   
+00012 +00911 +00255;   
+00014 +00905 +00001;   
+00012 +00915 +00253;   
+00011 +00911 +00004;   
+00007 +00906 +00003;   
+00014 +00910 +00002;   
+00011 +00906 +00255;   
+00011 +00912 +00000;   
+00011 +00913 +00004;   
+00009 +00910 +00000;   
+00012 +00908 +00004;   
+00017 +00915 +00013;   
+00014 +00911 +00003;   
+00015 +00911 +00255;   
+00010 +00916 -00254;   
+00012 +00918 -00002;   
+00013 +00910 +00000;   
+00010 +00911 +00000;   
+00015 +00909 -00001;   
+00010 +00909 +00003;   
+00012 +00913 +00001;   
+00014 +00913 +00004;   
+00014 +00912 +00004;   
+00010 +00915 +00006;   
+00008 +00911 +00005;   
+00014 +00916 +00007;   
+00013 +00915 +00003;   
+00014 +00915 +00000;   
+00012 +00910 +00006;   
+00007 +00912 +00013;   
+00012 +00910 +00006;   
+00005 +00908 +00002;   
+00020 +00915 +00001;   
+00008 +00918 +00001;   
+00008 +00914 +00001;   
+00011 +00909 +00003;   
+00007 +00909 +00005;   
+00016 +00911 +00004;   
+00014 +00914 +00009;   
+00015 +00914 +00000;   
+00010 +00915 +00006;   
+00009 +00908 +00005;   
+00014 +00914 +00002;   
+00011 +00913 -00002;   
+00014 +00912 +00255;   
+00010 +00911 +00254;   
+00014 +00914 +00003;   
+00013 +00912 +00006;   
+00011 +00908 -00004;   
+00008 +00911 +00000;   
+00011 +00908 +00000;   
+00013 +00914 +00002;   
+00017 +00910 +00000;   
+00013 +00908 +00006;   
+00011 +00908 -00003;   
+00010 +00909 +00002;   
+00018 +00912 +00002;   
+00012 +00909 +00002;   
+00013 +00909 +00002;   
+00010 +00914 -00254;   
+00007 +00912 +00007;   
+00012 +00911 -00002;   
+00011 +00914 +00003;   
+00009 +00906 +00000;   
+00014 +00911 +00000;   
+00015 +00911 +00005;   
+00010 +00914 +00006;   
+00014 +00908 +00004;   
+00016 +00910 +00003;   
+00007 +00915 +00254;   
+00011 +00909 +00004;   
+00012 +00909 +00004;   
+00011 +00916 +00000;   
+00010 +00910 +00006;   
+00012 +00916 +00003;   
+00010 +00912 +00004;   
+00013 +00911 +00002;   
+00015 +00911 +00004;   
+00014 +00911 +00010;   
+00011 +00915 +00002;   
+00009 +00905 +00008;   
+00012 +00914 +00005;   
+00007 +00906 +00005;   
+00013 +00910 +00004;   
+00017 +00913 +00000;   
+00012 +00913 +00005;   
+00010 +00913 +00000;   
+00013 +00911 -00002;   
+00010 +00912 +00003;   
+00009 +00916 +00001;   
+00011 +00909 +00000;   
+00010 +00910 +00009;   
+00014 +00908 +00005;   
+00010 +00912 +00003;   
+00013 +00913 +00000;   
+00012 +00912 +00006;   
+00012 +00911 +00007;   
+00010 +00914 +00000;   
+00013 +00916 +00253;   
+00006 +00914 +00006;   
+00013 +00910 +00002;   
+00012 +00915 +00004;   
+00012 +00913 +00003;   
+00008 +00910 +00254;   
+00015 +00911 -00251;   
+00010 +00910 +00000;   
+00006 +00916 +00003;   
+00012 +00910 +00255;   
+00010 +00911 +00004;   
+00013 +00910 -00247;   
+00009 +00911 +00010;   
+00012 +00910 -00251;   
+00008 +00913 +00004;   
+00013 +00912 +00004;   
+00008 +00909 +00001;   
+00012 +00911 +00255;   
+00019 +00914 +00001;   
+00012 +00908 +00004;   
+00008 +00908 +00000;   
+00011 +00912 +00008;   
+00013 +00910 +00004;   
+00010 +00910 +00009;   
+00020 +00908 +00004;   
+00013 +00910 +00010;   
+00010 +00914 +00001;   
+00013 +00908 -00254;   
+00018 +00913 +00003;   
+00009 +00910 -00004;   
+00012 +00908 +00001;   
+00011 +00913 +00007;   
+00013 +00915 +00005;   
+00008 +00916 -00255;   
+00013 +00915 +00005;   
+00010 +00910 +00255;   
+00013 +00909 +00007;   
+00015 +00913 +00002;   
+00011 +00914 +00005;   
+00011 +00906 +00001;   
+00009 +00913 +00007;   
+00011 +00911 +00002;   
+00010 +00915 -00255;   
+00015 +00908 +00005;   
+00010 +00913 +00003;   
+00013 +00914 +00003;   
+00011 +00913 +00254;   
+00011 +00916 +00003;   
+00011 +00912 +00002;   
+00017 +00918 +00255;   
+00007 +00906 +00009;   
+00012 +00915 +00000;   
+00008 +00913 +00253;   
+00014 +00913 +00001;   
+00014 +00913 +00003;   
+00012 +00912 +00004;   
+00011 +00911 -00253;   
+00013 +00913 +00005;   
+00012 +00906 +00006;   
+00016 +00908 +00007;   
+00018 +00907 +00003;   
+00007 +00908 +00004;   
+00011 +00914 +00001;   
+00014 +00912 +00002;   
+00011 +00913 +00002;   
+00011 +00915 +00249;   
+00013 +00910 +00004;   
+00016 +00913 +00002;   
+00010 +00913 -00006;   
+00012 +00916 +00003;   
+00013 +00910 -00002;   
+00007 +00913 +00006;   
+00010 +00908 +00004;   
+00011 +00910 +00254;   
+00010 +00912 +00004;   
+00007 +00910 -00002;   
+00010 +00915 +00004;   
+00017 +00909 +00003;   
+00012 +00911 +00005;   
+00006 +00914 -00007;   
+00017 +00908 +00001;   
+00007 +00911 +00002;   
+00007 +00910 +00000;   
+00014 +00913 +00253;   
+00009 +00908 +00004;   
+00011 +00915 +00000;   
+00013 +00913 +00006;   
+00011 +00908 +00007;   
+00013 +00912 +00003;   
+00010 +00911 +00005;   
+00010 +00913 +00006;   
+00013 +00916 +00006;   
+00009 +00916 +00006;   
+00014 +00913 +00003;   
+00000 +00909 +00002;   
+00015 +00906 +00000;   
+00017 +00908 +00005;   
+00011 +00913 +00006;   
+00012 +00911 -00256;   
+00014 +00912 +00000;   
+00012 +00911 +00005;   
+00009 +00911 +00005;   
+00010 +00916 +00009;   
+00012 +00913 +00000;   
+00004 +00906 +00007;   
+00018 +00913 +00000;   
+00014 +00912 +00007;   
+00012 +00910 +00009;   
+00015 +00913 +00017;   
+00011 +00915 +00000;   
+00008 +00911 +00002;   
+00014 +00914 +00000;   
+00015 +00912 +00005;   
+00012 +00907 +00000;   
+00010 +00915 +00004;   
+00009 +00906 +00002;   
+00014 +00914 +00000;   
+00017 +00913 +00008;   
+00005 +00909 +00009;   
+00010 +00912 +00001;   
+00017 +00909 -00001;   
+00012 +00911 -00256;   
+00010 +00913 +00011;   
+00010 +00908 +00000;   
+00015 +00909 +00011;   
+00014 +00916 +00003;   
+00012 +00910 +00002;   
+00013 +00911 +00007;   
+00011 +00913 +00004;   
+00018 +00907 +00251;   
+00014 +00912 +00003;   
+00012 +00910 -00251;   
+00007 +00914 +00003;   
+00010 +00913 +00004;   
+00014 +00914 +00001;   
+00016 +00912 +00001;   
+00005 +00911 +00007;   
+00017 +00911 +00000;   
+00010 +00907 +00000;   
+00017 +00911 +00003;   
+00012 +00913 +00001;   
+00007 +00912 +00003;   
+00009 +00912 +00000;   
+00011 +00914 +00252;   
+00012 +00913 +00002;   
+00012 +00907 +00002;   
-00002 +00900 +00033;   
+00008 +00910 +00008;   
+00027 +00915 +00004;   
+00006 +00911 +00002;   
+00012 +00908 +00002;   
+00016 +00914 +00001;   
+00007 +00914 +00004;   
+00018 +00914 +00003;   
+00010 +00912 +00005;   
+00011 +00914 +00255;   
+00013 +00916 +00254;   
+00009 +00909 -00249;   
+00012 +00913 +00255;   
+00010 +00912 +00000;   
+00012 +00913 +00000;   
+00013 +00912 +00003;   
+00007 +00914 +00003;   
+00010 +00910 +00006;   
+00012 +00914 +00000;   
+00016 +00910 +00005;   
+00010 +00914 +00005;   
+00014 +00914 +00002;   
+00008 +00912 +00254;   
+00012 +00917 +00006;   
+00008 +00911 +00007;   
+00015 +00909 +00007;   
+00013 +00912 +00005;   
+00007 +00908 +00001;   
+00011 +00911 -00256;   
+00011 +00913 +00000;   
+00008 +00909 +00004;   
+00006 +00911 +00001;   
+00014 +00916 +00004;   
+00012 +00905 +00000;   
+00007 +00914 +00000;   
+00010 +00909 +00002;   
+00012 +00908 +00001;   
+00012 +00912 +00000;   
+00012 +00910 +00005;   
+00008 +00915 +00254;   
+00013 +00914 +00000;   
+00013 +00907 -00250;   
+00008 +00910 +00253;   
+00014 +00909 +00002;   
+00010 +00912 +00010;   
+00007 +00914 +00254;   
+00012 +00912 +00005;   
+00013 +00916 +00000;   
+00011 +00912 +00255;   
+00007 +00911 +00006;   
+00011 +00914 +00001;   
+00018 +00917 +00005;   
+00014 +00913 +00003;   
+00012 +00912 +00010;   
+00009 +00913 +00004;   
+00011 +00911 +00000;   
+00009 +00911 +00000;   
+00012 +00910 +00005;   
+00010 +00911 +00001;   
+00014 +00904 +00253;   
+00013 +00912 +00255;   
+00011 +00906 +00003;   
+00011 +00913 +00005;   
+00013 +00911 +00255;   
+00011 +00911 +00000;   
+00010 +00912 -00255;   
+00012 +00908 +00253;   
+00009 +00910 +00010;   
+00010 +00911 -00255;   
+00012 +00908 +00001;   
+00012 +00909 +00002;   
+00015 +00913 +00002;   
+00011 +00915 +00004;   
+00011 +00913 -00002;   
+00012 +00909 +00007;   
+00012 +00916 +00006;   
+00013 +00909 +00006;   
+00015 +00911 +00004;   
+00013 +00913 +00000;   
+00011 +00912 +00001;   
+00016 +00906 -00252;   
+00008 +00909 +00001;   
+00013 +00913 +00004;   
+00014 +00914 +00000;   
+00013 +00914 +00004;   
+00008 +00911 +00000;   
+00010 +00909 +00004;   
+00014 +00909 +00253;   
+00007 +00915 +00254;   
+00011 +00916 +00010;   
+00011 +00912 +00001;   
+00012 +00909 +00009;   
+00014 +00908 +00000;   
+00010 +00912 -00255;   
+00007 +00906 +00001;   
+00015 +00904 +00001;   
+00011 +00910 +00000;   
+00012 +00909 +00007;   
+00017 +00908 +00002;   
+00010 +00915 +00006;   
+00014 +00909 -00250;   
+00008 +00912 -00001;   
+00011 +00915 +00007;   
+00012 +00912 +00009;   
+00013 +00907 +00002;   
+00010 +00909 +00004;   
+00010 +00910 -00252;   
+00011 +00909 +00253;   
+00012 +00910 -00255;   
+00008 +00911 +00003;   
+00007 +00915 +00004;   
+00011 +00912 +00003;   
+00015 +00909 +00004;   
+00015 +00907 +00007;   
+00012 +00914 -00003;   
+00011 +00909 -00255;   
+00012 +00912 +00002;   
+00015 +00913 +00008;   
+00016 +00911 +00001;   
+00018 +00910 +00000;   
+00012 +00911 -00252;   
+00008 +00911 +00003;   
+00015 +00910 +00007;   
+00014 +00917 +00001;   
+00009 +00910 +00251;   
+00007 +00915 -00001;   
+00007 +00910 -00255;   
+00012 +00912 +00002;   
+00015 +00910 +00003;   
+00013 +00915 +00004;   
+00018 +00913 +00005;   
+00010 +00913 +00002;   
+00009 +00916 +00003;   
+00012 +00910 +00004;   
+00011 +00914 +00252;   
+00013 +00913 +00003;   
+00013 +00911 +00001;   
+00016 +00913 +00000;   
+00008 +00910 +00002;   
+00009 +00912 +00004;   
+00014 +00916 +00006;   
+00011 +00909 +00000;   
+00009 +00909 +00007;   
+00009 +00911 +00001;   
+00010 +00911 +00005;   
+00009 +00910 +00005;   
+00011 +00912 +00254;   
+00012 +00916 +00253;   
+00013 +00910 +00007;   
+00018 +00915 +00003;   
+00011 +00917 +00000;   
+00010 +00909 +00002;   
+00006 +00911 +00001;   
+00009 +00910 -00249;   
+00015 +00911 +00007;   
+00014 +00911 -00252;   
+00010 +00911 +00005;   
+00013 +00915 +00000;   
+00014 +00918 +00006;   
+00007 +00910 +00006;   
+00012 +00914 +00002;   
+00010 +00910 +00002;   
+00010 +00913 +00005;   
+00018 +00905 -00003;   
+00008 +00906 +00002;   
+00011 +00910 +00000;   
+00010 +00909 +00009;   
+00016 +00908 +00003;   
+00008 +00911 +00001;   
+00014 +00907 +00001;   
+00013 +00912 +00006;   
+00013 +00915 +00004;   
+00010 +00906 +00254;   
+00014 +00910 +00000;   
+00009 +00914 +00007;   
+00011 +00909 +00000;   
+00014 +00909 -00255;   
+00012 +00911 +00001;   
+00011 +00911 +00255;   
+00013 +00911 +00008;   
+00014 +00911 +00002;   
+00007 +00913 +00004;   
+00015 +00907 -00003;   
+00010 +00910 +00003;   
+00015 +00915 +00001;   
+00011 +00909 +00013;   
+00007 +00913 +00006;   
+00010 +00912 +00002;   
+00008 +00912 +00003;   
+00016 +00907 +00253;   
+00016 +00916 +00003;   
+00014 +00907 +00000;   
+00012 +00918 +00000;   
+00014 +00915 +00004;   
+00012 +00911 -00004;   
+00013 +00918 +00000;   
+00013 +00913 +00003;   
+00011 +00913 +00006;   
+00013 +00912 +00005;   
+00014 +00906 +00002;   
+00010 +00912 +00004;   
+00001 +00920 -00030;   
+00006 +00914 -00037;   
+00000 +00915 -00008;   
+00023 +00912 +00012;   
+00011 +00914 +00010;   
+00016 +00919 +00004;   
+00013 +00910 +00253;   
+00007 +00908 +00253;   
+00015 +00908 -00003;   
+00010 +00916 -00256;   
+00013 +00911 +00253;   
+00013 +00911 -00249;   
+00012 +00913 +00008;   
+00011 +00914 +00007;   
+00010 +00914 +00000;   
+00007 +00911 +00001;   
+00015 +00906 +00250;   
+00014 +00910 +00005;   
+00010 +00910 +00006;   
+00016 +00912 +00007;   
+00006 +00913 -00254;   
+00013 +00913 +00014;   
+00015 +00911 +00002;   
+00011 +00907 +00004;   
+00012 +00914 +00003;   
+00012 +00914 +00003;   
+00010 +00910 +00002;   
+00008 +00912 +00001;   
+00009 +00915 +00010;   
+00013 +00914 +00005;   
+00010 +00908 -00001;   
+00013 +00907 +00000;   
+00009 +00906 +00001;   
+00018 +00910 +00003;   
+00013 +00909 +00000;   
+00013 +00910 +00003;   
+00015 +00909 +00004;   
+00015 +00914 +00002;   
+00009 +00914 +00005;   
+00012 +00908 +00000;   
+00007 +00911 +00002;   
+00012 +00909 +00255;   
+00009 +00915 +00001;   
+00009 +00913 -00248;   
+00016 +00913 -00005;   
+00013 +00908 +00008;   
+00013 +00909 +00001;   
+00010 +00912 +00007;   
+00013 +00915 +00254;   
+00009 +00911 +00008;   
+00011 +00913 +00000;   
+00015 +00916 +00254;   
+00013 +00914 +00006;   
+00012 +00911 +00005;   
+00015 +00914 +00002;   
+00011 +00911 +00005;   
+00010 +00905 -00252;   
+00016 +00910 +00002;   
+00013 +00911 -00254;   
+00011 +00907 +00007;   
+00013 +00915 +00001;   
+00008 +00915 +00002;   
+00015 +00912 -00254;   
+00006 +00912 -00256;   
+00008 +00912 +00010;   
+00011 +00911 -00254;   
+00012 +00918 +00006;   
+00011 +00909 +00255;   
+00016 +00914 +00003;   
+00012 +00911 +00000;   
+00009 +00903 -00001;   
+00007 +00914 +00003;   
+00009 +00914 +00002;   
+00009 +00914 +00254;   
+00010 +00914 +00003;   
+00009 +00915 -00252;   
+00012 +00914 +00254;   
+00007 +00915 +00003;   
+00009 +00914 -00003;   
+00009 +00913 +00007;   
+00011 +00915 +00008;   
+00015 +00909 +00005;   
+00016 +00915 +00002;   
+00010 +00916 +00000;   
+00012 +00913 +00005;   
+00010 +00916 +00000;   
+00012 +00912 -00250;   
+00016 +00910 -00256;   
+00015 +00914 +00000;   
+00017 +00916 +00003;   
