+00020 -00091 +00996;   
+00027 -00090 +01000;   
+00023 -00089 +01002;   
+00022 -00097 +00993;   
+00016 -00094 +00997;   
+00025 -00093 +00993;   
+00022 -00089 +00994;   
+00019 -00092 +00992;   
+00019 -00088 +00998;   
+00020 -00094 +00998;   
+00024 -00095 +00989;   
+00024 -00087 +01000;   
+00027 -00092 +01003;   
+00022 -00093 +00994;   
+00025 -00094 +00993;   
+00020 -00085 +00997;   
+00024 -00095 +00998;   
+00024 -00092 +00997;   
+00025 -00092 +00992;   
+00020 -00092 +00993;   
+00016 -00088 +00992;   
+00023 -00100 +00997;   
+00025 -00096 +00998;   
+00029 -00088 +00997;   
+00027 -00091 +00997;   
+00026 -00091 +00993;   
+00021 -00089 +00988;   
+00023 -00093 +00991;   
+00021 -00093 +01002;   
+00023 -00086 +00997;   
+00028 -00094 +00993;   
+00030 -00093 +00992;   
+00022 -00096 +00993;   
+00025 -00096 +00998;   
+00024 -00094 +00998;   
+00027 -00090 +00997;   
+00024 -00089 +00996;   
+00024 -00093 +01002;   
+00029 -00092 +00996;   
+00025 -00090 +01000;   
+00028 -00091 +00996;   
+00023 -00093 +00994;   
+00022 -00091 +01001;   
+00025 -00093 +01001;   
+00025 -00090 +00995;   
+00028 -00091 +00993;   
+00024 -00087 +00998;   
+00027 -00096 +00998;   
+00028 -00089 +00992;   
+00024 -00089 +00995;   
+00020 -00090 +00993;   
+00021 -00093 +00997;   
+00029 -00088 +00994;   
+00027 -00086 +00999;   
+00008 -00093 +01004;   
+00013 -00093 +00999;   
+00020 -00092 +00991;   
+00034 -00092 +00993;   
+00024 -00097 +00989;   
+00017 -00081 +01001;   
+00022 -00083 +00990;   
+00022 -00101 +00994;   
+00022 -00093 +00998;   
+00028 -00098 +01002;   
+00029 -00091 +00997;   
+00024 -00094 +00989;   
+00021 -00093 +00993;   
+00023 -00092 +01000;   
+00026 -00094 +00990;   
+00028 -00090 +00993;   
+00021 -00091 +01000;   
+00026 -00094 +00995;   
+00031 -00091 +00994;   
+00025 -00099 +00986;   
+00023 -00092 +00997;   
+00024 -00087 +01001;   
+00023 -00088 +00992;   
+00022 -00090 +00993;   
+00022 -00086 +00988;   
+00034 -00099 +00993;   
+00036 -00093 +00997;   
+00035 -00095 +01003;   
+00003 -00083 +00984;   
+00004 -00100 +00998;   
+00019 -00101 +00995;   
+00029 -00084 +01002;   
+00032 -00086 +01000;   
+00031 -00098 +00994;   
+00024 -00097 +00990;   
+00027 -00087 +00994;   
+00024 -00091 +00991;   
+00017 -00100 +01000;   
+00015 -00088 +00996;   
+00025 -00091 +00994;   
+00025 -00091 +00993;   
+00024 -00090 +00993;   
+00028 -00098 +00995;   
+00028 -00095 +00997;   
+00017 -00091 +00989;   
+00023 -00089 +00989;   
+00024 -00091 +00989;   
+00023 -00091 +01000;   
+00027 -00094 +00990;   
+00025 -00089 +00998;   
+00013 -00094 +00988;   
+00018 -00095 +00988;   
+00024 -00091 +00991;   
+00027 -00095 +01002;   
+00021 -00095 +00996;   
+00022 -00093 +00995;   
+00023 -00091 +00992;   
+00024 -00094 +00994;   
+00026 -00097 +00993;   
+00027 -00092 +00999;   
+00024 -00085 +00991;   
+00025 -00094 +00987;   
+00023 -00090 +00996;   
+00027 -00093 +00993;   
+00028 -00088 +00993;   
+00024 -00090 +00993;   
+00019 -00089 +00992;   
+00024 -00085 +00997;   
+00020 -00089 +00985;   
+00027 -00088 +01003;   
+00023 -00088 +00993;   
+00028 -00093 +00992;   
+00024 -00095 +00991;   
+00023 -00089 +00992;   
+00023 -00092 +00996;   
+00026 -00096 +00993;   
+00022 -00094 +00988;   
+00027 -00092 +00994;   
+00024 -00094 +00992;   
+00023 -00093 +00992;   
+00023 -00094 +00995;   
+00023 -00094 +00999;   
+00022 -00093 +00990;   
+00020 -00090 +00996;   
+00026 -00087 +01003;   
+00025 -00086 +00993;   
+00027 -00090 +00995;   
+00029 -00096 +00992;   
+00026 -00094 +00994;   
+00023 -00094 +00989;   
+00023 -00092 +00992;   
+00031 -00093 +01000;   
+00026 -00097 +00992;   
+00024 -00095 +00996;   
+00022 -00088 +01003;   
+00025 -00091 +00990;   
+00023 -00089 +00999;   
+00019 -00093 +00994;   
+00022 -00091 +00993;   
+00025 -00092 +01000;   
+00025 -00093 +00996;   
+00024 -00094 +00993;   
+00025 -00098 +00997;   
+00032 -00091 +00993;   
+00028 -00093 +00994;   
+00025 -00095 +00993;   
+00027 -00086 +00991;   
+00019 -00094 +00999;   
+00027 -00092 +00992;   
+00026 -00090 +00997;   
+00024 -00098 +00991;   
+00025 -00091 +01004;   
+00024 -00093 +01001;   
+00024 -00092 +00996;   
+00021 -00093 +00995;   
+00025 -00090 +00991;   
+00023 -00094 +00993;   
+00025 -00091 +00994;   
+00025 -00093 +00992;   
+00027 -00094 +00996;   
+00024 -00093 +01000;   
+00025 -00088 +00988;   
+00020 -00098 +00999;   
+00026 -00096 +00989;   
+00024 -00089 +00992;   
+00020 -00096 +00994;   
+00029 -00092 +00997;   
+00028 -00089 +00989;   
+00025 -00095 +00991;   
+00022 -00087 +00993;   
+00026 -00096 +00990;   
+00022 -00091 +00992;   
+00025 -00093 +00986;   
+00024 -00097 +00995;   
+00026 -00097 +00990;   
+00022 -00093 +00993;   
+00027 -00091 +00998;   
+00022 -00092 +01005;   
+00023 -00094 +00999;   
+00028 -00097 +00995;   
+00024 -00092 +01000;   
+00022 -00099 +00997;   
+00025 -00093 +00994;   
+00022 -00090 +00988;   
+00027 -00090 +01002;   
+00029 -00086 +00988;   
+00026 -00087 +00999;   
+00026 -00092 +00993;   
+00021 -00087 +01002;   
+00019 -00087 +00999;   
+00025 -00096 +00995;   
+00014 -00091 +00994;   
+00025 -00093 +00994;   
+00025 -00098 +00993;   
+00016 -00095 +00996;   
+00020 -00094 +00992;   
+00028 -00095 +00991;   
+00024 -00092 +00996;   
+00024 -00093 +00997;   
+00028 -00093 +00997;   
+00026 -00090 +01000;   
+00027 -00096 +00988;   
+00031 -00098 +00991;   
+00022 -00092 +00993;   
+00028 -00090 +00995;   
+00016 -00091 +00992;   
+00022 -00092 +00995;   
+00027 -00089 +00989;   
+00026 -00091 +00986;   
+00025 -00091 +01000;   
+00026 -00087 +00996;   
+00022 -00086 +00992;   
+00024 -00093 +00996;   
+00021 -00104 +00995;   
+00025 -00092 +00990;   
+00025 -00090 +00996;   
+00026 -00094 +00992;   
+00023 -00092 +00999;   
+00021 -00090 +00996;   
+00024 -00094 +01000;   
+00021 -00090 +00997;   
+00026 -00091 +00994;   
+00021 -00090 +01002;   
+00028 -00096 +00996;   
+00028 -00084 +00994;   
+00024 -00094 +00998;   
+00027 -00091 +00997;   
+00020 -00087 +00997;   
+00026 -00096 +00996;   
+00026 -00095 +00992;   
+00031 -00093 +00987;   
+00022 -00092 +00989;   
+00025 -00091 +00992;   
+00020 -00090 +00992;   
+00022 -00090 +00995;   
+00027 -00091 +00994;   
+00026 -00091 +00991;   
+00024 -00095 +00993;   
+00028 -00099 +00997;   
+00028 -00090 +00996;   
+00022 -00087 +00989;   
+00027 -00092 +00998;   
+00023 -00093 +01005;   
+00024 -00089 +00989;   
+00025 -00083 +00997;   
+00023 -00088 +00994;   
+00026 -00093 +00989;   
+00021 -00094 +00989;   
+00028 -00088 +00989;   
+00018 -00093 +00992;   
+00021 -00097 +00999;   
+00028 -00097 +00995;   
+00025 -00093 +00987;   
+00030 -00097 +00993;   
+00025 -00094 +00991;   
+00026 -00095 +00996;   
+00022 -00096 +00997;   
+00020 -00090 +00999;   
+00023 -00093 +00996;   
+00029 -00096 +00992;   
+00024 -00090 +00993;   
+00024 -00091 +00996;   
+00021 -00092 +00998;   
+00020 -00094 +00997;   
+00023 -00093 +00995;   
+00028 -00093 +00998;   
+00027 -00089 +00998;   
+00020 -00094 +01003;   
+00029 -00091 +00993;   
+00020 -00088 +00992;   
+00023 -00089 +01001;   
+00031 -00087 +00992;   
+00025 -00090 +00990;   
+00020 -00086 +00998;   
+00028 -00090 +00997;   
+00025 -00088 +00995;   
+00023 -00095 +00998;   
+00021 -00091 +00993;   
+00024 -00090 +00989;   
+00022 -00094 +00995;   
+00028 -00097 +00998;   
+00025 -00093 +00994;   
+00028 -00085 +00992;   
+00025 -00090 +01000;   
+00022 -00090 +00994;   
+00025 -00089 +00999;   
+00030 -00094 +00990;   
+00022 -00094 +00996;   
+00021 -00093 +01000;   
+00026 -00087 +00996;   
+00021 -00093 +00993;   
+00021 -00091 +00994;   
+00023 -00096 +00992;   
+00023 -00094 +00999;   
+00030 -00092 +00994;   
+00022 -00091 +00989;   
+00029 -00088 +00994;   
+00025 -00089 +00995;   
+00025 -00095 +00987;   
+00022 -00090 +00996;   
+00024 -00093 +00995;   
+00022 -00093 +01006;   
+00023 -00093 +00997;   
+00027 -00087 +00991;   
+00028 -00088 +00992;   
+00023 -00095 +00995;   
+00018 -00093 +00990;   
+00027 -00089 +00991;   
+00022 -00095 +00995;   
+00023 -00089 +00997;   
+00027 -00092 +00996;   
+00023 -00094 +00992;   
+00028 -00095 +00994;   
+00022 -00091 +01004;   
+00026 -00094 +00997;   
+00022 -00089 +00996;   
+00028 -00093 +00993;   
+00022 -00093 +00999;   
+00027 -00091 +00994;   
+00023 -00089 +01001;   
+00024 -00090 +00997;   
+00024 -00093 +00998;   
+00024 -00095 +00996;   
+00026 -00098 +00992;   
+00023 -00099 +00996;   
+00023 -00087 +00998;   
+00022 -00091 +00994;   
+00027 -00089 +00992;   
+00024 -00087 +00998;   
+00023 -00093 +00997;   
+00030 -00089 +00991;   
+00026 -00094 +00997;   
+00025 -00092 +00990;   
+00027 -00088 +00991;   
+00028 -00097 +00989;   
+00024 -00090 +00994;   
+00027 -00088 +00991;   
+00026 -00089 +00995;   
+00027 -00088 +00990;   
+00022 -00090 +00985;   
+00028 -00100 +00990;   
+00019 -00090 +00995;   
+00033 -00094 +01001;   
+00025 -00095 +00991;   
+00021 -00093 +00990;   
+00030 -00093 +00995;   
+00033 -00095 +00996;   
+00023 -00092 +00994;   
+00022 -00093 +01000;   
+00025 -00095 +00994;   
+00025 -00093 +00988;   
+00022 -00097 +00995;   
+00032 -00090 +00992;   
+00025 -00091 +00997;   
+00021 -00092 +01000;   
+00024 -00093 +00994;   
+00017 -00086 +00995;   
+00023 -00086 +00994;   
+00022 -00095 +00994;   
+00023 -00090 +00995;   
+00026 -00089 +00998;   
+00024 -00096 +00989;   
+00035 -00107 +01001;   
+00036 -00086 +00991;   
+00030 -00087 +00989;   
+00024 -00097 +00993;   
+00027 -00090 +00990;   
+00004 -00077 +00994;   
+00024 -00096 +00988;   
+00031 -00096 +00989;   
+00039 -00094 +00994;   
+00030 -00094 +00992;   
+00028 -00098 +00997;   
+00028 -00084 +00993;   
+00024 -00087 +00992;   
+00021 -00102 +00992;   
+00025 -00093 +00994;   
+00025 -00092 +00992;   
+00021 -00091 +00994;   
+00022 -00089 +00997;   
+00014 -00093 +00993;   
+00020 -00095 +01001;   
+00023 -00090 +00996;   
+00025 -00091 +00992;   
+00026 -00096 +00992;   
+00021 -00087 +00989;   
+00025 -00098 +01000;   
+00020 -00091 +00990;   
+00021 -00090 +00994;   
+00026 -00092 +00991;   
+00024 -00092 +00996;   
+00026 -00093 +00994;   
+00025 -00097 +00994;   
+00015 -00093 +00997;   
+00025 -00088 +00994;   
+00027 -00091 +00997;   
+00020 -00095 +00996;   
+00027 -00090 +00991;   
+00023 -00086 +00993;   
+00027 -00089 +00993;   
+00023 -00092 +00990;   
+00024 -00093 +01002;   
+00015 -00096 +00997;   
+00026 -00093 +00989;   
+00022 -00088 +00994;   
+00024 -00094 +00994;   
+00024 -00095 +00991;   
+00026 -00098 +00994;   
+00022 -00088 +00990;   
+00021 -00094 +00998;   
+00025 -00090 +00993;   
+00025 -00092 +00990;   
+00023 -00094 +00991;   
+00026 -00089 +00990;   
+00027 -00093 +00993;   
+00025 -00098 +00997;   
+00026 -00090 +00998;   
+00025 -00093 +00998;   
+00020 -00093 +01000;   
+00027 -00093 +00989;   
+00028 -00086 +00998;   
+00024 -00089 +00996;   
+00027 -00092 +00997;   
+00024 -00095 +00992;   
+00020 -00093 +00990;   
+00023 -00092 +00991;   
+00025 -00092 +01002;   
+00022 -00093 +00992;   
+00024 -00085 +00994;   
+00029 -00093 +00993;   
+00024 -00093 +00995;   
+00028 -00090 +00994;   
+00022 -00093 +00994;   
+00026 -00097 +00985;   
+00029 -00092 +00994;   
+00030 -00090 +00998;   
+00021 -00093 +01000;   
+00023 -00090 +00994;   
+00028 -00094 +00988;   
+00025 -00086 +00995;   
+00027 -00090 +00996;   
+00022 -00092 +00991;   
+00023 -00091 +00997;   
+00024 -00093 +00995;   
+00022 -00093 +00996;   
+00024 -00093 +00993;   
+00026 -00087 +00996;   
+00027 -00095 +00991;   
+00029 -00093 +00995;   
+00022 -00089 +00997;   
+00026 -00094 +00999;   
+00021 -00093 +00994;   
+00020 -00095 +00993;   
+00020 -00094 +01000;   
+00027 -00097 +00995;   
+00022 -00090 +00998;   
+00029 -00096 +00991;   
+00029 -00088 +00993;   
+00029 -00085 +00989;   
+00023 -00090 +00996;   
+00024 -00093 +00992;   
+00025 -00092 +01000;   
+00022 -00090 +00990;   
+00024 -00093 +00991;   
+00030 -00095 +00997;   
+00010 -00086 +00992;   
+00023 -00101 +00999;   
+00023 -00093 +00995;   
+00028 -00082 +01000;   
+00027 -00093 +00997;   
+00026 -00095 +00994;   
+00023 -00092 +00999;   
+00029 -00087 +00995;   
+00029 -00095 +00995;   
+00021 -00088 +01003;   
+00025 -00092 +00991;   
+00025 -00091 +00992;   
+00022 -00094 +00998;   
+00023 -00091 +00993;   
+00022 -00092 +00993;   
+00022 -00094 +01000;   
+00023 -00094 +00992;   
+00024 -00093 +00995;   
+00026 -00094 +00993;   
+00020 -00095 +01001;   
+00024 -00092 +01001;   
+00023 -00093 +00993;   
+00020 -00091 +00993;   
+00020 -00090 +00997;   
+00025 -00090 +00995;   
+00028 -00092 +00992;   
+00019 -00093 +00992;   
+00024 -00094 +01002;   
+00016 -00086 +00995;   
+00017 -00083 +00992;   
+00021 -00093 +00997;   
+00025 -00096 +00994;   
+00025 -00093 +00992;   
+00028 -00092 +00995;   
+00043 -00077 +00991;   
+00033 -00092 +00994;   
+00033 -00108 +00988;   
+00032 -00086 +00990;   
+00027 -00081 +00988;   
+00028 -00093 +00996;   
+00032 -00086 +00990;   
+00031 -00092 +00988;   
+00026 -00095 +00991;   
+00027 -00089 +00992;   
+00025 -00086 +00988;   
+00023 -00089 +00989;   
+00020 -00092 +00985;   
+00022 -00091 +01000;   
+00022 -00092 +00990;   
+00026 -00085 +00994;   
+00021 -00095 +00992;   
+00025 -00089 +00988;   
+00024 -00085 +00992;   
+00024 -00086 +00995;   
+00028 -00085 +00994;   
+00027 -00087 +00986;   
+00027 -00095 +00998;   
+00026 -00090 +00995;   
+00027 -00090 +00993;   
+00028 -00092 +00997;   
+00024 -00094 +00995;   
+00026 -00095 +01000;   
+00025 -00092 +00989;   
+00026 -00089 +00994;   
+00027 -00093 +00994;   
+00023 -00087 +00990;   
+00027 -00093 +01000;   
+00032 -00093 +00996;   
+00027 -00089 +00993;   
+00022 -00097 +00994;   
+00024 -00093 +00996;   
+00025 -00094 +00991;   
+00030 -00093 +00989;   
+00024 -00090 +00993;   
+00022 -00094 +00994;   
+00024 -00091 +00992;   
+00026 -00093 +01000;   
+00023 -00093 +00988;   
+00028 -00092 +00992;   
