-00015 -00084 -01010;   
-00012 -00078 -01008;   
-00018 -00081 -01013;   
-00014 -00083 -01006;   
-00019 -00084 -01024;   
-00016 -00078 -01021;   
-00015 -00078 -01012;   
-00011 -00088 -01010;   
-00019 -00081 -01014;   
-00013 -00079 -01013;   
-00014 -00078 -01010;   
-00013 -00081 -01018;   
-00013 -00077 -01017;   
-00018 -00078 -01020;   
-00013 -00086 -01014;   
-00012 -00078 -01016;   
-00016 -00079 -01017;   
-00011 -00078 -01010;   
-00018 -00079 -01011;   
-00012 -00075 -01015;   
-00012 -00075 -01016;   
-00014 -00081 -01011;   
-00014 -00078 -01009;   
-00023 -00079 -01013;   
-00013 -00081 -01014;   
-00027 -00078 -01020;   
-00015 -00085 -01009;   
-00013 -00076 -01009;   
-00017 -00082 -01020;   
-00011 -00077 -01011;   
-00013 -00080 -01012;   
-00018 -00078 -01011;   
-00016 -00075 -01016;   
-00013 -00074 -01007;   
-00012 -00076 -01009;   
-00014 -00077 -01013;   
-00015 -00080 -01012;   
-00019 -00082 -01018;   
-00017 -00078 -01010;   
-00019 -00078 -01013;   
-00012 -00082 -01012;   
-00015 -00078 -01014;   
-00016 -00073 -01008;   
-00015 -00082 -01015;   
-00014 -00085 -01008;   
-00018 -00081 -01018;   
-00015 -00075 -01010;   
-00016 -00079 -01014;   
-00017 -00079 -01011;   
-00011 -00085 -01012;   
-00013 -00087 -01019;   
-00011 -00079 -01014;   
-00016 -00077 -01015;   
-00013 -00080 -01011;   
-00017 -00079 -01015;   
-00013 -00072 -01014;   
-00011 -00080 -01012;   
-00015 -00080 -01010;   
-00010 -00079 -01011;   
-00013 -00077 -01005;   
-00017 -00077 -01014;   
-00014 -00081 -01010;   
-00019 -00077 -01012;   
-00015 -00079 -01010;   
-00017 -00078 -01014;   
-00014 -00083 -01008;   
-00018 -00081 -01009;   
-00016 -00078 -01013;   
-00020 -00073 -01012;   
-00018 -00085 -01006;   
-00016 -00078 -01012;   
-00020 -00075 -01017;   
-00014 -00078 -01016;   
-00018 -00076 -01006;   
-00012 -00084 -01022;   
-00014 -00077 -01007;   
-00012 -00082 -01011;   
-00014 -00077 -01010;   
-00020 -00074 -01016;   
-00016 -00077 -01015;   
-00013 -00082 -01015;   
-00010 -00078 -01014;   
-00009 -00080 -01020;   
-00015 -00078 -01013;   
-00015 -00075 -01013;   
-00015 -00078 -01012;   
-00014 -00075 -01016;   
-00015 -00077 -01015;   
-00014 -00083 -01008;   
-00011 -00069 -01033;   
-00009 -00076 -00999;   
-00008 -00085 -01016;   
-00017 -00083 -01013;   
-00018 -00078 -01017;   
-00015 -00081 -01008;   
-00019 -00079 -01010;   
-00018 -00078 -01013;   
-00020 -00081 -01012;   
-00023 -00083 -01021;   
-00026 -00075 -01016;   
-00018 -00078 -01011;   
-00014 -00089 -01007;   
-00011 -00085 -01008;   
-00018 -00079 -01012;   
-00022 -00082 -01020;   
-00019 -00070 -01017;   
-00020 -00082 -01016;   
-00014 -00088 -01009;   
-00010 -00082 -01013;   
-00010 -00083 -01014;   
-00008 -00081 -01011;   
-00012 -00078 -01011;   
-00017 -00077 -01012;   
-00016 -00078 -01019;   
-00014 -00077 -01016;   
-00019 -00077 -01006;   
-00018 -00079 -01018;   
-00014 -00086 -01011;   
-00013 -00075 -01008;   
-00014 -00081 -01010;   
-00016 -00079 -01009;   
-00015 -00077 -01010;   
-00021 -00082 -01005;   
-00022 -00079 -01009;   
-00018 -00081 -01014;   
-00011 -00078 -01007;   
-00017 -00079 -01010;   
-00016 -00078 -01009;   
-00013 -00082 -01013;   
-00022 -00081 -01009;   
-00015 -00078 -01012;   
-00011 -00081 -01012;   
-00019 -00079 -01020;   
-00015 -00079 -01018;   
-00019 -00079 -01014;   
-00017 -00082 -01008;   
-00015 -00079 -01013;   
-00012 -00079 -01015;   
-00014 -00084 -01017;   
-00013 -00081 -01012;   
-00011 -00081 -01009;   
-00013 -00076 -01017;   
-00014 -00082 -01015;   
-00011 -00080 -01004;   
-00011 -00083 -01022;   
-00020 -00076 -01010;   
-00014 -00076 -01015;   
-00015 -00081 -01015;   
-00016 -00080 -01017;   
-00020 -00080 -01009;   
-00011 -00079 -01009;   
-00012 -00076 -01012;   
-00010 -00083 -01016;   
-00013 -00082 -01014;   
-00018 -00077 -01015;   
-00011 -00085 -01009;   
-00016 -00078 -01010;   
-00014 -00077 -01018;   
-00014 -00078 -01008;   
-00018 -00082 -01006;   
-00012 -00080 -01009;   
-00014 -00081 -01008;   
-00016 -00078 -01014;   
-00009 -00079 -01013;   
-00011 -00080 -01012;   
-00016 -00079 -01016;   
-00018 -00080 -01007;   
-00013 -00074 -01019;   
-00016 -00074 -01012;   
-00015 -00078 -01017;   
-00018 -00079 -01016;   
-00013 -00080 -01009;   
-00020 -00083 -01010;   
-00017 -00075 -01009;   
-00017 -00078 -01003;   
-00017 -00082 -01012;   
-00011 -00083 -01013;   
-00014 -00077 -01011;   
-00014 -00083 -01014;   
-00012 -00081 -01014;   
-00020 -00079 -01017;   
-00013 -00081 -01010;   
-00017 -00077 -01006;   
-00012 -00078 -01007;   
-00012 -00081 -01010;   
-00015 -00078 -01016;   
-00011 -00080 -01011;   
-00016 -00080 -01013;   
-00020 -00082 -01009;   
-00017 -00079 -01008;   
-00012 -00081 -01011;   
-00015 -00079 -01009;   
-00014 -00079 -01013;   
-00010 -00077 -01006;   
-00013 -00078 -01011;   
-00017 -00082 -01014;   
-00011 -00080 -01010;   
-00020 -00075 -01011;   
-00017 -00074 -01009;   
-00016 -00077 -01016;   
-00019 -00075 -01011;   
-00015 -00082 -01012;   
-00014 -00078 -01014;   
-00014 -00075 -01007;   
-00017 -00083 -01007;   
-00015 -00086 -01011;   
-00019 -00080 -01018;   
-00015 -00083 -01015;   
-00015 -00079 -01017;   
-00012 -00078 -01013;   
-00011 -00077 -01014;   
-00019 -00078 -01013;   
-00017 -00079 -01018;   
-00016 -00081 -01013;   
-00011 -00084 -01014;   
-00018 -00082 -01012;   
-00016 -00085 -01008;   
-00012 -00083 -01007;   
-00016 -00080 -01016;   
-00015 -00080 -01009;   
-00011 -00077 -01012;   
-00011 -00083 -01005;   
-00010 -00085 -01010;   
-00015 -00078 -01010;   
-00008 -00082 -01019;   
-00014 -00077 -01016;   
-00015 -00074 -01012;   
-00013 -00079 -01018;   
-00011 -00082 -01013;   
-00011 -00082 -01011;   
-00012 -00077 -01024;   
-00008 -00077 -01020;   
-00012 -00080 -01017;   
-00012 -00080 -01015;   
-00016 -00074 -01003;   
-00016 -00078 -01011;   
-00017 -00076 -01012;   
-00016 -00082 -01008;   
-00011 -00081 -01012;   
-00012 -00078 -01015;   
-00012 -00077 -01016;   
-00012 -00077 -01013;   
-00016 -00075 -01010;   
-00015 -00081 -01011;   
-00014 -00086 -01013;   
-00016 -00081 -01009;   
-00011 -00077 -01008;   
-00014 -00083 -01013;   
-00017 -00084 -01017;   
-00015 -00081 -01012;   
-00012 -00078 -01011;   
-00013 -00078 -01021;   
-00010 -00078 -01011;   
-00018 -00076 -01011;   
-00016 -00078 -01008;   
-00017 -00079 -01014;   
-00017 -00077 -01007;   
-00012 -00083 -01022;   
-00017 -00075 -01005;   
-00015 -00083 -01009;   
-00016 -00077 -01012;   
-00014 -00082 -01014;   
-00013 -00077 -01011;   
-00022 -00081 -01016;   
-00016 -00080 -01016;   
-00011 -00088 -01014;   
-00011 -00082 -01011;   
-00016 -00084 -01009;   
-00015 -00081 -01020;   
-00014 -00078 -01011;   
-00014 -00070 -01020;   
-00020 -00085 -01010;   
-00011 -00081 -01013;   
-00008 -00076 -01015;   
-00006 -00074 -01009;   
-00007 -00076 -01009;   
-00009 -00083 -01012;   
-00002 -00084 -01021;   
-00020 -00073 -01009;   
-00015 -00084 -01017;   
-00014 -00086 -01016;   
-00015 -00080 -01012;   
-00017 -00078 -01010;   
-00016 -00080 -01011;   
-00012 -00086 -01008;   
-00014 -00083 -01011;   
-00009 -00084 -01016;   
-00018 -00070 -00999;   
-00002 -00082 -01020;   
-00010 -00069 -01001;   
-00008 -00080 -01012;   
-00017 -00093 -01009;   
-00017 -00079 -01009;   
-00019 -00079 -01016;   
-00019 -00077 -01012;   
-00016 -00073 -01011;   
-00011 -00076 -01011;   
-00008 -00074 -01014;   
-00015 -00078 -01009;   
-00016 -00078 -01016;   
-00018 -00083 -01017;   
-00017 -00080 -01010;   
-00020 -00079 -01015;   
-00015 -00080 -01017;   
-00015 -00078 -01014;   
-00014 -00082 -01010;   
-00012 -00080 -01016;   
-00012 -00072 -01007;   
-00012 -00076 -01015;   
-00010 -00076 -01011;   
-00015 -00079 -01010;   
-00010 -00082 -01011;   
-00010 -00075 -01014;   
-00018 -00077 -01013;   
-00015 -00089 -01017;   
-00018 -00079 -01013;   
-00013 -00077 -01015;   
-00016 -00083 -01014;   
-00017 -00081 -01014;   
-00017 -00075 -01012;   
-00017 -00082 -01006;   
-00014 -00081 -01017;   
-00018 -00081 -01017;   
-00017 -00081 -01012;   
-00019 -00079 -01005;   
-00011 -00075 -01014;   
-00015 -00073 -01010;   
-00020 -00077 -01016;   
-00018 -00081 -01019;   
-00010 -00087 -01007;   
-00020 -00079 -01017;   
-00016 -00079 -01016;   
-00011 -00079 -01013;   
-00016 -00077 -01016;   
-00010 -00078 -01009;   
-00018 -00074 -01012;   
-00017 -00076 -01004;   
-00013 -00079 -01011;   
-00013 -00083 -01008;   
-00017 -00080 -01007;   
-00020 -00080 -01017;   
-00014 -00076 -01010;   
-00015 -00078 -01012;   
-00016 -00081 -01004;   
-00012 -00080 -01006;   
-00012 -00082 -01014;   
-00017 -00083 -01010;   
-00012 -00084 -01021;   
-00011 -00078 -01014;   
-00010 -00082 -01012;   
-00018 -00078 -01015;   
-00019 -00080 -01014;   
-00016 -00084 -01015;   
-00016 -00085 -01003;   
-00016 -00076 -01012;   
-00014 -00080 -01013;   
-00009 -00080 -01022;   
-00010 -00078 -01016;   
-00020 -00078 -01018;   
-00016 -00082 -01011;   
-00018 -00082 -01020;   
-00015 -00075 -01015;   
-00013 -00079 -01011;   
-00015 -00073 -01015;   
-00014 -00080 -01009;   
-00018 -00076 -01011;   
-00022 -00075 -01009;   
-00020 -00073 -01012;   
-00013 -00070 -01009;   
-00015 -00078 -01010;   
-00009 -00076 -01019;   
-00010 -00081 -01008;   
-00011 -00079 -01016;   
-00014 -00076 -01011;   
-00013 -00083 -01014;   
-00010 -00079 -01012;   
-00017 -00080 -01015;   
-00012 -00078 -01017;   
-00011 -00076 -01022;   
-00014 -00079 -01016;   
-00013 -00084 -01013;   
-00014 -00077 -01014;   
-00013 -00080 -01017;   
-00017 -00075 -01022;   
-00021 -00075 -01014;   
-00016 -00080 -01013;   
-00014 -00077 -01007;   
-00015 -00076 -01009;   
-00012 -00085 -01010;   
-00017 -00078 -01014;   
-00014 -00077 -01012;   
-00015 -00082 -01018;   
-00013 -00074 -01017;   
-00014 -00085 -01013;   
-00017 -00083 -01013;   
-00015 -00079 -01007;   
-00011 -00080 -01010;   
-00013 -00080 -01009;   
-00018 -00077 -01016;   
-00018 -00078 -01013;   
-00014 -00076 -01015;   
-00020 -00079 -01016;   
-00016 -00079 -01016;   
-00017 -00076 -01012;   
-00019 -00075 -01012;   
-00011 -00084 -01012;   
-00009 -00076 -01017;   
-00010 -00077 -01015;   
-00016 -00078 -01019;   
-00018 -00083 -01013;   
-00014 -00078 -01014;   
-00018 -00077 -01008;   
-00014 -00081 -01018;   
-00014 -00081 -01007;   
-00017 -00077 -01011;   
-00013 -00075 -01010;   
-00016 -00082 -01006;   
-00010 -00079 -01015;   
-00013 -00082 -01012;   
-00015 -00080 -01012;   
-00015 -00077 -01013;   
-00011 -00080 -01016;   
-00014 -00080 -01015;   
-00020 -00078 -01019;   
-00011 -00078 -01008;   
-00014 -00087 -01015;   
-00016 -00078 -01004;   
-00020 -00080 -01009;   
-00014 -00080 -01019;   
-00017 -00082 -01016;   
-00020 -00076 -01010;   
-00017 -00080 -01019;   
-00017 -00081 -01012;   
-00017 -00082 -01013;   
-00009 -00075 -01008;   
-00012 -00075 -01005;   
-00012 -00081 -01010;   
-00018 -00079 -01012;   
-00020 -00082 -01006;   
-00018 -00080 -01017;   
-00014 -00081 -01015;   
-00012 -00077 -01016;   
-00016 -00080 -01013;   
-00013 -00076 -01011;   
-00013 -00081 -01010;   
-00018 -00083 -01010;   
-00019 -00079 -01015;   
-00011 -00079 -01018;   
-00014 -00082 -01017;   
-00013 -00079 -01008;   
-00018 -00078 -01010;   
-00013 -00078 -01010;   
-00011 -00075 -01016;   
-00006 -00077 -01018;   
-00011 -00081 -01015;   
-00017 -00078 -01015;   
-00019 -00081 -01011;   
-00017 -00078 -01014;   
-00018 -00082 -01010;   
-00012 -00076 -01010;   
-00018 -00076 -01003;   
-00013 -00079 -01017;   
-00010 -00079 -01006;   
-00019 -00083 -01008;   
-00015 -00082 -01015;   
-00012 -00085 -01010;   
-00015 -00082 -01008;   
-00017 -00077 -01008;   
-00012 -00083 -01013;   
-00014 -00077 -01009;   
-00013 -00082 -01018;   
-00012 -00080 -01013;   
-00009 -00074 -01014;   
-00012 -00074 -01019;   
-00013 -00079 -01016;   
-00022 -00073 -01007;   
-00015 -00079 -01007;   
-00020 -00080 -01011;   
-00012 -00076 -01008;   
-00014 -00077 -01010;   
-00011 -00078 -01011;   
-00022 -00078 -01011;   
-00012 -00079 -01019;   
-00014 -00077 -01017;   
-00015 -00075 -01019;   
-00015 -00079 -01009;   
-00013 -00079 -01017;   
-00009 -00076 -01004;   
-00010 -00077 -01016;   
-00013 -00072 -01015;   
-00014 -00074 -01016;   
-00012 -00080 -01012;   
-00016 -00077 -01011;   
-00014 -00076 -01015;   
-00021 -00078 -01014;   
-00005 -00084 -01010;   
-00010 -00084 -01010;   
-00011 -00078 -01018;   
-00016 -00080 -01009;   
-00012 -00080 -01012;   
-00008 -00083 -01017;   
-00012 -00080 -01015;   
-00016 -00078 -01016;   
-00010 -00075 -01014;   
-00012 -00074 -01012;   
-00013 -00080 -01014;   
-00011 -00080 -01016;   
-00016 -00081 -01022;   
-00014 -00075 -01019;   
-00014 -00082 -01015;   
-00013 -00075 -01019;   
-00015 -00082 -01009;   
-00018 -00079 -01016;   
-00016 -00077 -01018;   
-00010 -00078 -01011;   
-00014 -00081 -01019;   
-00015 -00083 -01020;   
-00018 -00073 -01021;   
-00017 -00074 -01020;   
-00017 -00078 -01012;   
-00011 -00073 -01016;   
-00015 -00079 -01013;   
-00012 -00080 -01017;   
-00013 -00080 -01014;   
-00017 -00075 -01015;   
-00018 -00080 -01014;   
-00015 -00081 -01010;   
-00013 -00078 -01019;   
-00014 -00079 -01012;   
-00011 -00078 -01020;   
-00016 -00079 -01016;   
-00013 -00083 -01271;   
-00011 -00083 -01014;   
-00014 -00082 -01015;   
-00015 -00076 -01013;   
-00013 -00079 -01014;   
-00007 -00079 -01011;   
-00013 -00079 -01010;   
-00003 -00082 -01000;   
-00014 -00081 -00770;   
-00018 -00078 -01014;   
-00018 -00077 -01018;   
-00015 -00080 -01015;   
-00018 -00080 -01014;   
-00009 -00079 -01013;   
-00012 -00079 -01007;   
-00011 -00077 -01012;   
-00014 -00086 -01009;   
-00020 -00078 -01010;   
-00012 -00079 -01014;   
-00012 -00076 -01013;   
-00016 -00084 -01014;   
-00017 -00079 -01011;   
-00013 -00083 -01013;   
-00019 -00081 -01004;   
-00017 -00076 -01010;   
-00010 -00075 -01003;   
-00014 -00079 -01012;   
-00014 -00083 -01006;   
-00017 -00078 -01012;   
-00014 -00076 -01020;   
-00015 -00086 -01016;   
-00016 -00081 -01012;   
-00011 -00079 -01004;   
-00012 -00079 -01013;   
-00011 -00082 -01011;   
-00012 -00077 -01014;   
-00014 -00077 -01010;   
-00017 -00079 -01016;   
-00020 -00077 -01015;   
-00014 -00076 -01012;   
-00017 -00076 -01015;   
-00011 -00077 -01010;   
-00020 -00075 -01019;   
-00021 -00080 -01011;   
-00013 -00076 -01012;   
-00011 -00079 -01011;   
-00016 -00088 -01016;   
-00013 -00078 -01014;   
-00014 -00077 -01016;   
-00013 -00080 -01025;   
-00013 -00083 -01012;   
-00013 -00078 -01009;   
-00015 -00087 -01011;   
-00005 -00089 -01011;   
-00011 -00080 -01008;   
-00013 -00081 -01013;   
-00015 -00075 -01018;   
-00001 -00081 -01016;   
-00015 -00078 -01016;   
-00013 -00081 -01016;   
-00018 -00081 -01012;   
-00021 -00078 -01020;   
-00014 -00083 -01015;   
-00016 -00082 -01008;   
-00005 -00080 -01021;   
-00008 -00078 -01007;   
-00005 -00079 -01009;   
-00015 -00079 -01008;   
-00016 -00076 -01020;   
-00017 -00078 -01015;   
-00018 -00082 -01013;   
-00016 -00074 -01017;   
-00010 -00078 -01017;   
-00016 -00085 -01020;   
-00015 -00076 -01014;   
-00013 -00075 -01019;   
-00013 -00081 -01008;   
