+01010 -00061 -00069;   
+01008 -00062 -00085;   
+01010 -00061 -00088;   
+01008 -00057 -00096;   
+01006 -00063 -00072;   
+00999 -00068 -00064;   
+01003 -00061 -00065;   
+01011 -00058 -00073;   
+01009 -00061 -00077;   
+01010 -00071 -00079;   
+01015 -00058 -00077;   
+01007 -00062 -00076;   
+01007 -00057 -00067;   
+01011 -00059 -00081;   
+01012 -00062 -00081;   
+01002 -00063 -00079;   
+01006 -00061 -00081;   
+01012 -00065 -00078;   
+01010 -00058 -00078;   
+01011 -00061 -00071;   
+01006 -00059 -00077;   
+01002 -00056 -00074;   
+01013 -00054 -00069;   
+01013 -00056 -00087;   
+01010 -00063 -00091;   
+01009 -00072 -00080;   
+01008 -00062 -00076;   
+01000 -00062 -00078;   
+01009 -00074 -00091;   
+01005 -00058 -00066;   
+01009 -00050 -00078;   
+01012 -00056 -00071;   
+01274 -00057 -00073;   
+01003 -00065 -00075;   
+01010 -00057 -00080;   
+01004 -00057 -00081;   
+01002 -00066 -00068;   
+01009 -00053 -00081;   
+01004 -00050 -00074;   
+01008 -00064 -00072;   
+01007 -00061 -00078;   
+01011 -00056 -00074;   
+01006 -00060 -00075;   
+01004 -00061 -00067;   
+01008 -00066 -00076;   
+01009 -00061 -00086;   
+01006 -00052 -00084;   
+01004 -00061 -00081;   
+01015 -00053 -00079;   
+01010 -00063 -00071;   
+01010 -00057 -00083;   
+01010 -00061 -00076;   
+01007 -00061 -00072;   
+01010 -00059 -00080;   
+01010 -00054 -00081;   
+01013 -00063 -00076;   
+01008 -00063 -00072;   
+01012 -00063 -00069;   
+01010 -00072 -00067;   
+01009 -00060 -00073;   
+01009 -00051 -00073;   
+01007 -00058 -00072;   
+01008 -00061 -00080;   
+01010 -00054 -00069;   
+01011 -00063 -00084;   
+01011 -00061 -00076;   
+01007 -00060 -00072;   
+01010 -00058 -00073;   
+01009 -00062 -00069;   
+01009 -00061 -00070;   
+01001 -00059 -00074;   
+01011 -00063 -00081;   
+01011 -00060 -00079;   
+01004 -00063 -00083;   
+01010 -00061 -00073;   
+01003 -00057 -00069;   
+01008 -00059 -00075;   
+01010 -00062 -00082;   
+01006 -00064 -00077;   
+01011 -00057 -00074;   
+01008 -00060 -00075;   
+01010 -00066 -00076;   
+01007 -00055 -00088;   
+01007 -00055 -00082;   
+01007 -00056 -00078;   
+01003 -00060 -00073;   
+01007 -00063 -00076;   
+01003 -00061 -00082;   
+01008 -00064 -00080;   
+01012 -00061 -00079;   
+01008 -00059 -00079;   
+01008 -00055 -00075;   
+01009 -00058 -00078;   
+01010 -00060 -00074;   
+01010 -00058 -00078;   
+01010 -00055 -00089;   
+01009 -00066 -00081;   
+01007 -00057 -00075;   
+01003 -00061 -00074;   
+01009 -00060 -00078;   
+01002 -00059 -00081;   
+01008 -00063 -00086;   
+01007 -00063 -00079;   
+01011 -00060 -00078;   
+01006 -00062 -00073;   
+01013 -00059 -00079;   
+01008 -00069 -00083;   
+01007 -00062 -00075;   
+01007 -00070 -00076;   
+01012 -00062 -00082;   
+01008 -00058 -00074;   
+01010 -00060 -00076;   
+01011 -00060 -00066;   
+01008 -00064 -00073;   
+00998 -00059 -00076;   
+01003 -00063 -00062;   
+01006 -00064 -00070;   
+01010 -00056 -00068;   
+01009 -00061 -00083;   
+01005 -00062 -00076;   
+01010 -00072 -00104;   
+01011 -00059 -00086;   
+01007 -00061 -00091;   
+01007 -00068 -00083;   
+01010 -00055 -00088;   
+01012 -00057 -00078;   
+01004 -00059 -00076;   
+01009 -00062 -00075;   
+01007 -00057 -00074;   
+01013 -00057 -00073;   
+01008 -00064 -00077;   
+01007 -00059 -00083;   
+01011 -00054 -00096;   
+01012 -00063 -00084;   
+01006 -00058 -00080;   
+01006 -00049 -00063;   
+01002 -00052 -00055;   
+01007 -00057 -00062;   
+01009 -00062 -00075;   
+01009 -00062 -00080;   
+01007 -00058 -00075;   
+01008 -00060 -00071;   
+01010 -00059 -00077;   
+01011 -00065 -00078;   
+00999 -00062 -00085;   
+01013 -00059 -00077;   
+01009 -00068 -00092;   
+01005 -00076 -00072;   
+01010 -00057 -00100;   
+01005 -00059 -00076;   
+01009 -00055 -00066;   
+01007 -00060 -00074;   
+01015 -00054 -00074;   
+01007 -00056 -00069;   
+01005 -00057 -00074;   
+01011 -00062 -00076;   
+01008 -00055 -00085;   
+01003 -00058 -00077;   
+01012 -00059 -00074;   
+01009 -00062 -00079;   
+01010 -00062 -00083;   
+01011 -00058 -00083;   
+01004 -00065 -00084;   
+01004 -00054 -00082;   
+00999 -00059 -00072;   
+01008 -00065 -00076;   
+01004 -00050 -00061;   
+01007 -00058 -00061;   
+01005 -00049 -00063;   
+01005 -00062 -00063;   
+01014 -00069 -00067;   
+01009 -00060 -00075;   
+01005 -00054 -00079;   
+01008 -00068 -00077;   
+01007 -00060 -00075;   
+01015 -00064 -00080;   
+01010 -00060 -00075;   
+00997 -00061 -00080;   
+01016 -00061 -00079;   
+01009 -00061 -00075;   
+01008 -00055 -00065;   
+01004 -00054 -00073;   
+01011 -00065 -00084;   
+01017 -00061 -00073;   
+01012 -00062 -00076;   
+01005 -00056 -00066;   
+01015 -00060 -00071;   
+01006 -00064 -00082;   
+01011 -00055 -00073;   
+01012 -00052 -00077;   
+01008 -00063 -00072;   
+01008 -00068 -00081;   
+01011 -00058 -00075;   
+01010 -00072 -00090;   
+01007 -00059 -00084;   
+01009 -00058 -00091;   
+01011 -00069 -00103;   
+01003 -00059 -00073;   
+01007 -00063 -00077;   
+01014 -00063 -00091;   
+01007 -00059 -00069;   
+01009 -00062 -00085;   
+01009 -00061 -00077;   
+01003 -00035 -00074;   
+01012 -00067 -00090;   
+01007 -00076 -00076;   
+01010 -00051 -00076;   
+01008 -00062 -00074;   
+01006 -00063 -00073;   
+01006 -00056 -00091;   
+01006 -00060 -00077;   
+01010 -00056 -00092;   
+01007 -00058 -00088;   
+01002 -00058 -00080;   
+01014 -00064 -00072;   
+01008 -00065 -00072;   
+01004 -00057 -00072;   
+01008 -00057 -00073;   
+01014 -00058 -00080;   
+01010 -00062 -00068;   
+00998 -00055 -00073;   
+01013 -00056 -00079;   
+00992 -00066 -00090;   
+01000 -00053 -00079;   
+01008 -00062 -00075;   
+01010 -00058 -00078;   
+01014 -00053 -00082;   
+01009 -00062 -00056;   
+01008 -00061 -00085;   
+01007 -00062 -00078;   
+01008 -00058 -00073;   
+01005 -00062 -00071;   
+01002 -00065 -00078;   
+01003 -00068 -00065;   
+01010 -00060 -00087;   
+01012 -00054 -00093;   
+01012 -00043 -00099;   
+01005 -00034 -00066;   
+01010 -00063 -00075;   
+01020 -00059 -00065;   
+01012 -00060 -00079;   
+01008 -00058 -00077;   
+01007 -00064 -00077;   
+01006 -00059 -00073;   
+01006 -00053 -00087;   
+01016 -00061 -00079;   
+01011 -00063 -00069;   
+01002 -00060 -00081;   
+01010 -00064 -00071;   
+01008 -00053 -00075;   
+01004 -00057 -00081;   
+01011 -00058 -00085;   
+01004 -00065 -00079;   
+01010 -00057 -00069;   
+01007 -00058 -00075;   
+01003 -00060 -00071;   
+01004 -00059 -00075;   
+00996 -00061 -00079;   
+01009 -00060 -00080;   
+01000 -00051 -00082;   
+01010 -00063 -00087;   
+01012 -00061 -00071;   
+01009 -00058 -00079;   
+01010 -00058 -00083;   
+01007 -00062 -00078;   
+01007 -00062 -00076;   
+01004 -00059 -00072;   
+01012 -00059 -00083;   
+01011 -00056 -00077;   
+01009 -00060 -00069;   
+01010 -00062 -00075;   
+01005 -00065 -00073;   
+01009 -00057 -00080;   
+01009 -00069 -00065;   
+01008 -00059 -00071;   
+01006 -00057 -00083;   
+01002 -00063 -00083;   
+01008 -00060 -00085;   
+01007 -00061 -00072;   
+01006 -00062 -00070;   
+01004 -00054 -00038;   
+01007 -00058 -00078;   
+01010 -00058 -00082;   
+01013 -00058 -00082;   
+01009 -00057 -00083;   
+01004 -00057 -00068;   
+01010 -00059 -00074;   
+01010 -00057 -00073;   
+01006 -00059 -00078;   
+01009 -00064 -00072;   
+01012 -00061 -00078;   
+01008 -00062 -00075;   
+01008 -00061 -00084;   
+01008 -00057 -00080;   
+01009 -00058 -00082;   
+01010 -00064 -00078;   
+01008 -00056 -00075;   
+01009 -00055 -00082;   
+01005 -00058 -00083;   
+01007 -00064 -00075;   
+01012 -00057 -00073;   
+01009 -00053 -00074;   
+01010 -00053 -00078;   
+01002 -00063 -00077;   
+01009 -00056 -00074;   
+01009 -00054 -00085;   
+01005 -00063 -00080;   
+01011 -00059 -00075;   
+01007 -00061 -00084;   
+01005 -00062 -00080;   
+01009 -00064 -00070;   
+01006 -00061 -00081;   
+01005 -00060 -00072;   
+01010 -00057 -00075;   
+01014 -00061 -00071;   
+01010 -00059 -00063;   
+01002 -00061 -00085;   
+01002 -00058 -00088;   
+01014 -00061 -00077;   
+01005 -00057 -00083;   
+01010 -00058 -00090;   
+01009 -00059 -00078;   
+01008 -00061 -00082;   
+01009 -00049 -00074;   
+01010 -00063 -00068;   
+01009 -00061 -00079;   
+01008 -00061 -00081;   
+01009 -00055 -00080;   
+01007 -00062 -00075;   
+01016 -00059 -00076;   
+01008 -00061 -00077;   
+01003 -00060 -00082;   
+01009 -00061 -00079;   
+01007 -00060 -00083;   
+01006 -00065 -00072;   
+01007 -00059 -00080;   
+01004 -00060 -00075;   
+01008 -00062 -00081;   
+01007 -00059 -00074;   
+01010 -00057 -00080;   
+01010 -00059 -00076;   
+01005 -00060 -00077;   
+01005 -00062 -00082;   
+01006 -00061 -00080;   
+01009 -00061 -00085;   
+01010 -00060 -00077;   
+01007 -00054 -00074;   
+01003 -00060 -00071;   
+01010 -00058 -00075;   
+01008 -00064 -00082;   
+01008 -00053 -00089;   
+01012 -00064 -00085;   
+01006 -00063 -00083;   
+01011 -00062 -00078;   
+01004 -00058 -00069;   
+01005 -00057 -00088;   
+01003 -00064 -00077;   
+01010 -00061 -00089;   
+01007 -00064 -00078;   
+01008 -00058 -00080;   
+01010 -00064 -00077;   
+01011 -00052 -00084;   
+01007 -00059 -00077;   
+01009 -00054 -00076;   
+01009 -00060 -00074;   
+01010 -00061 -00078;   
+01011 -00062 -00083;   
+01009 -00049 -00082;   
+01002 -00053 -00076;   
+01007 -00059 -00085;   
+01008 -00066 -00065;   
+01009 -00062 -00072;   
+01004 -00057 -00069;   
+01005 -00056 -00081;   
+01009 -00067 -00081;   
+01007 -00061 -00071;   
+01008 -00063 -00074;   
+01009 -00057 -00074;   
+01008 -00057 -00071;   
+01008 -00057 -00081;   
+01009 -00058 -00072;   
+01008 -00060 -00076;   
+01016 -00063 -00069;   
+01011 -00061 -00061;   
+01004 -00049 -00072;   
+01008 -00061 -00085;   
+01011 -00062 -00073;   
+01008 -00057 -00075;   
+01007 -00057 -00078;   
+01008 -00059 -00073;   
+01007 -00062 -00069;   
+01009 -00062 -00073;   
+01010 -00054 -00071;   
+01008 -00065 -00076;   
+01004 -00056 -00072;   
+01007 -00059 -00075;   
+01006 -00064 -00082;   
+01011 -00055 -00076;   
+01003 -00054 -00077;   
+01012 -00065 -00078;   
+01007 -00062 -00076;   
+01006 -00062 -00080;   
+01009 -00061 -00074;   
+01008 -00068 -00074;   
+01005 -00054 -00071;   
+01009 -00053 -00084;   
+01000 -00053 -00071;   
+01001 -00061 -00086;   
+01009 -00062 -00081;   
+01008 -00056 -00077;   
+01016 -00055 -00072;   
+01015 -00065 -00068;   
+01009 -00058 -00088;   
+01008 -00057 -00086;   
+01009 -00063 -00072;   
+01005 -00062 -00065;   
+01012 -00052 -00073;   
+01009 -00065 -00081;   
+01013 -00063 -00076;   
+01006 -00059 -00076;   
+01007 -00058 -00081;   
+01012 -00062 -00073;   
+01003 -00061 -00069;   
+01010 -00061 -00070;   
+01010 -00052 -00083;   
+01011 -00067 -00106;   
+01007 -00062 -00072;   
+01007 -00060 -00071;   
+01008 -00053 -00072;   
+01007 -00061 -00080;   
+01000 -00064 -00075;   
+01010 -00063 -00075;   
+01006 -00066 -00074;   
+01007 -00062 -00076;   
+01009 -00056 -00080;   
+00997 -00057 -00056;   
+01011 -00060 -00067;   
+01008 -00059 -00068;   
+01003 -00069 -00077;   
+01006 -00069 -00080;   
+01009 -00059 -00082;   
+01005 -00063 -00078;   
+01011 -00062 -00077;   
+01006 -00061 -00079;   
+01009 -00057 -00070;   
+01002 -00061 -00080;   
+01010 -00061 -00073;   
+01008 -00058 -00081;   
+01007 -00062 -00080;   
+01007 -00060 -00077;   
+01007 -00061 -00076;   
+01006 -00063 -00084;   
+01009 -00056 -00088;   
+01013 -00053 -00071;   
+01008 -00066 -00078;   
+01008 -00057 -00077;   
+01001 -00062 -00083;   
+01006 -00057 -00081;   
+01005 -00058 -00077;   
+01007 -00058 -00085;   
+01006 -00067 -00080;   
+01009 -00062 -00083;   
+01006 -00055 -00082;   
+01010 -00061 -00081;   
+01005 -00066 -00086;   
+01009 -00061 -00062;   
+01004 -00059 -00075;   
+01012 -00057 -00072;   
+01010 -00062 -00077;   
+01010 -00059 -00073;   
+00995 -00065 -00078;   
+01007 -00064 -00080;   
+01011 -00057 -00078;   
+01006 -00065 -00077;   
+01008 -00066 -00086;   
+01004 -00059 -00077;   
+01006 -00057 -00080;   
+01013 -00059 -00074;   
+01013 -00065 -00077;   
+01010 -00059 -00077;   
+01006 -00058 -00082;   
+01008 -00059 -00076;   
+01016 -00062 -00077;   
+01013 -00059 -00085;   
+01009 -00060 -00075;   
+01009 -00059 -00072;   
+01012 -00059 -00077;   
+01008 -00053 -00074;   
+01006 -00062 -00073;   
+01008 -00062 -00082;   
+01009 -00062 -00074;   
+01006 -00058 -00073;   
+01022 -00063 -00065;   
+01013 -00065 -00070;   
+01009 -00061 -00078;   
+01009 -00059 -00079;   
+01006 -00062 -00074;   
+01009 -00063 -00075;   
+01012 -00059 -00084;   
+01004 -00055 -00080;   
+01011 -00061 -00080;   
+01007 -00067 -00086;   
+01008 -00062 -00086;   
+01005 -00058 -00076;   
+01010 -00059 -00076;   
+01006 -00065 -00077;   
+01012 -00075 -00071;   
+01004 -00071 -00084;   
+01006 -00059 -00077;   
+01007 -00062 -00069;   
+01002 -00062 -00080;   
+01010 -00056 -00085;   
+01009 -00058 -00083;   
+01014 -00054 -00083;   
+01003 -00067 -00073;   
+00998 -00068 -00073;   
+01012 -00059 -00082;   
+01010 -00063 -00079;   
+01002 -00057 -00075;   
+01005 -00060 -00086;   
+01009 -00059 -00071;   
+01015 -00049 -00101;   
+01025 -00068 -00080;   
+00969 -00059 -00070;   
+01009 -00060 -00073;   
+01010 -00066 -00081;   
+00992 -00051 -00081;   
+00995 -00063 -00086;   
+01008 -00058 -00073;   
+01008 -00060 -00093;   
+00985 -00053 -00079;   
+01013 -00060 -00079;   
+01007 -00060 -00076;   
+01007 -00062 -00077;   
+01238 -00061 -00081;   
+01012 -00063 -00072;   
+01011 -00054 -00080;   
+01025 -00060 -00093;   
+01010 -00061 -00080;   
+01004 -00061 -00077;   
+00797 -00056 -00076;   
+01006 -00056 -00085;   
+01010 -00064 -00071;   
+01007 -00054 -00058;   
+01247 -00054 -00066;   
+01004 -00055 -00073;   
+01260 -00059 -00071;   
+01004 -00060 -00078;   
+01003 -00066 -00083;   
+01014 -00052 -00082;   
+01010 -00064 -00081;   
+01011 -00053 -00077;   
+01010 -00057 -00095;   
+01017 -00055 -00086;   
+01009 -00051 -00079;   
+01008 -00072 -00093;   
+01007 -00057 -00074;   
+01009 -00059 -00078;   
+01007 -00049 -00077;   
+01014 -00057 -00086;   
+01011 -00056 -00079;   
+01012 -00060 -00084;   
+01005 -00065 -00082;   
+01003 -00060 -00080;   
+01003 -00059 -00068;   
+01006 -00058 -00078;   
+01016 -00059 -00084;   
+01011 -00060 -00082;   
+01009 -00060 -00076;   
+01007 -00051 -00092;   
+01010 -00063 -00073;   
