-00986 -00115 +00008;   
-00986 -00120 +00007;   
-00982 -00117 +00006;   
-00983 -00109 +00010;   
-00977 -00114 +00004;   
-00986 -00111 +00004;   
-00983 -00118 +00005;   
-00996 -00117 +00002;   
-00979 -00118 +00009;   
-00982 -00114 +00006;   
-00987 -00114 +00002;   
-00985 -00118 +00009;   
-00983 -00110 +00000;   
-00986 -00116 +00011;   
-00982 -00115 +00010;   
-00981 -00116 +00010;   
-00979 -00112 +00003;   
-00983 -00115 +00255;   
-00988 -00116 +00000;   
-00980 -00115 +00000;   
-00966 -00109 +00002;   
-00981 -00121 -00001;   
-00990 -00112 +00254;   
-00985 -00114 +00001;   
-00983 -00114 +00002;   
-00980 -00115 +00001;   
-00986 -00114 +00006;   
-00986 -00112 +00001;   
-00982 -00124 +00004;   
-00975 -00126 -00017;   
-00974 -00106 +00013;   
-00982 -00114 +00003;   
-00981 -00119 -00002;   
-00982 -00119 -00256;   
-00986 -00113 +00006;   
-00985 -00117 +00007;   
-00985 -00115 +00010;   
-00981 -00113 +00010;   
-00984 -00112 +00007;   
-00977 -00111 +00005;   
-00979 -00113 -00255;   
-00976 -00115 +00005;   
-00983 -00116 +00005;   
-00983 -00114 +00005;   
-00980 -00119 +00007;   
-00989 -00143 +00022;   
-00991 -00106 +00008;   
-00984 -00111 +00001;   
-00985 -00133 -00005;   
-00985 -00115 +00003;   
-00982 -00113 +00008;   
-00979 -00124 +00007;   
-00981 -00118 +00014;   
-00982 -00108 +00015;   
-00980 -00115 +00007;   
-00987 -00113 -00007;   
-00982 -00114 -00011;   
-00984 -00121 +00008;   
-00984 -00109 +00012;   
-00987 -00111 +00009;   
-00979 -00120 +00000;   
-00981 -00114 +00007;   
-00986 -00116 -00255;   
-00987 -00113 -00256;   
-00982 -00121 -00023;   
-00981 -00105 +00018;   
-00985 -00123 +00003;   
-00996 -00116 +00000;   
-00976 -00117 +00013;   
-00988 -00112 +00020;   
-00952 -00182 +00034;   
-00962 -00102 +00038;   
-00970 -00129 +00037;   
-01001 -00112 -00061;   
-00989 -00121 +00001;   
-00981 -00111 +00011;   
-00961 -00143 +00249;   
-00987 -00088 +00006;   
-00981 -00111 +00020;   
-00985 -00120 +00014;   
-00979 -00104 +00017;   
-00992 -00116 -00023;   
-00987 -00107 +00010;   
-00980 -00114 +00007;   
-00968 -00122 -00007;   
-00991 -00114 +00016;   
-00989 -00135 +00004;   
-00982 -00107 +00011;   
-00982 -00117 -00255;   
-00982 -00120 +00002;   
-00984 -00115 -00003;   
-00985 -00111 +00005;   
-00978 -00110 +00005;   
-00987 -00109 +00006;   
-00983 -00112 +00010;   
-00984 -00115 +00255;   
-00984 -00107 +00004;   
-00980 -00114 -00005;   
-00991 -00121 -00006;   
-00977 -00113 +00003;   
-00978 -00116 -00011;   
-00982 -00111 -00019;   
-00988 -00110 +00009;   
-00983 -00109 +00011;   
-00978 -00117 +00008;   
-00979 -00117 +00011;   
-00989 -00111 +00006;   
-00978 -00116 +00009;   
-00982 -00117 +00000;   
-00989 -00117 +00001;   
-00982 -00118 -00003;   
-00981 -00117 -00005;   
-00986 -00113 -00002;   
-00985 -00111 +00000;   
-00987 -00121 -00006;   
-01006 -00112 -00062;   
-00997 -00118 -00066;   
-00991 -00120 -00019;   
-00980 -00105 +00008;   
-00982 -00114 +00000;   
-00984 -00121 +00004;   
-00983 -00118 +00009;   
-00987 -00098 -00009;   
-00984 -00118 -00007;   
-00980 -00110 +00016;   
-00984 -00109 +00002;   
-00981 -00114 +00009;   
-00981 -00118 +00002;   
-00982 -00109 -00010;   
-00988 -00121 -00015;   
-00982 -00115 -00008;   
-00980 -00113 +00252;   
-00983 -00109 +00000;   
-00983 -00113 +00006;   
-00984 -00117 +00002;   
-00982 -00115 +00000;   
-00979 -00112 -00007;   
-00998 -00125 +00016;   
-00982 -00124 -00008;   
-00986 -00105 +00005;   
-00978 -00110 +00009;   
-00981 -00108 +00255;   
-00986 -00111 +00005;   
-00982 -00116 +00004;   
-00984 -00114 +00005;   
-00992 -00126 -00010;   
-00984 -00121 +00010;   
-00985 -00118 +00003;   
-00984 -00108 +00251;   
-00983 -00115 -00005;   
-00986 -00113 +00253;   
-00980 -00113 +00005;   
-00987 -00114 +00010;   
-00982 -00115 +00000;   
-00979 -00116 -00256;   
-00984 -00113 +00251;   
-00982 -00116 -00003;   
-00982 -00113 +00251;   
-00983 -00118 -00006;   
-00984 -00114 +00001;   
-00986 -00114 -00002;   
-00982 -00115 +00255;   
-00984 -00112 -00002;   
-00984 -00110 +00000;   
-00983 -00108 +00009;   
-00985 -00108 -00256;   
-00989 -00118 -00004;   
-00983 -00117 +00246;   
-00979 -00114 -00004;   
-00981 -00111 -00001;   
-00983 -00117 -00254;   
-00982 -00117 +00009;   
-00981 -00116 -00250;   
-00986 -00117 +00003;   
-00986 -00116 -00003;   
-00975 -00111 +00003;   
-00983 -00110 +00003;   
-00984 -00118 +00255;   
-00979 -00114 +00004;   
-00985 -00117 +00005;   
-00978 -00122 -00254;   
-00983 -00113 +00255;   
-00986 -00115 +00001;   
-00981 -00112 +00254;   
-00984 -00115 -00004;   
-00983 -00120 +00255;   
-00979 -00120 -00256;   
-00983 -00118 +00253;   
-00981 -00114 -00004;   
-00982 -00116 +00000;   
-00982 -00115 -00256;   
-00981 -00114 +00254;   
-00981 -00114 +00001;   
-00986 -00112 +00001;   
-00981 -00113 +00252;   
-00981 -00119 +00002;   
-00984 -00117 +00001;   
-00986 -00115 +00002;   
-00979 -00116 +00004;   
-00979 -00119 +00010;   
-00986 -00106 +00003;   
-00982 -00113 -00256;   
-00984 -00113 -00008;   
-00986 -00120 +00005;   
-00986 -00119 +00006;   
-00984 -00113 +00000;   
-00985 -00109 -00256;   
-00988 -00114 -00249;   
-00986 -00116 +00252;   
-00980 -00115 +00002;   
-00983 -00116 +00004;   
-00979 -00115 -00255;   
-00985 -00114 +00000;   
-00985 -00112 +00003;   
-00981 -00114 +00005;   
-00985 -00116 +00008;   
-00981 -00114 +00254;   
-00979 -00113 -00256;   
-00984 -00109 -00250;   
-00983 -00116 +00003;   
-00982 -00115 -00256;   
-00984 -00116 -00253;   
-00982 -00114 +00252;   
-00987 -00112 +00003;   
-00983 -00109 -00252;   
-00989 -00114 +00002;   
-00980 -00112 +00002;   
-00980 -00111 +00008;   
-00977 -00112 -00252;   
-00983 -00115 +00006;   
-00978 -00113 +00000;   
-00981 -00118 +00000;   
-00982 -00115 +00000;   
-00986 -00120 +00000;   
-00987 -00111 -00012;   
-00983 -00122 +00001;   
-00980 -00112 +00000;   
-00980 -00112 +00002;   
-00981 -00118 -00002;   
-00978 -00112 +00255;   
-00981 -00113 +00251;   
-00979 -00116 +00005;   
-00986 -00117 +00001;   
-00981 -00115 -00252;   
-00986 -00112 -00001;   
-00980 -00115 +00007;   
-00982 -00116 +00007;   
-00981 -00119 +00000;   
-00984 -00111 +00001;   
-00984 -00114 -00250;   
-00982 -00117 +00008;   
-00982 -00119 +00003;   
-00981 -00116 +00003;   
-00982 -00114 +00001;   
-00982 -00112 +00002;   
-00982 -00114 -00001;   
-00983 -00113 -00256;   
-00983 -00114 +00002;   
-00981 -00116 +00001;   
-00985 -00112 +00005;   
-00981 -00122 +00003;   
-00984 -00112 +00002;   
-00985 -00114 -00255;   
-00984 -00121 -00002;   
-00981 -00115 +00004;   
-00982 -00112 +00002;   
-00975 -00113 +00255;   
-00988 -00114 +00255;   
-00979 -00114 +00005;   
-00983 -00115 +00000;   
-00981 -00113 +00002;   
-00983 -00110 +00005;   
-00989 -00118 -00255;   
-00980 -00117 -00250;   
-00983 -00115 +00002;   
-00983 -00117 +00254;   
-00981 -00116 +00006;   
-00986 -00113 +00000;   
-00982 -00116 -00003;   
-00983 -00111 +00003;   
-00983 -00118 +00253;   
-00982 -00120 +00003;   
-00983 -00114 +00009;   
-00977 -00114 -00256;   
-00983 -00110 +00000;   
-00985 -00121 +00005;   
-00977 -00119 +00000;   
-00988 -00121 +00002;   
-00984 -00110 -00256;   
-00983 -00113 -00250;   
-00981 -00116 -00251;   
-00982 -00115 +00002;   
-00980 -00114 +00004;   
-00982 -00112 +00254;   
-00976 -00112 +00251;   
-00986 -00111 +00005;   
-00987 -00115 -00250;   
-00981 -00113 +00002;   
-00980 -00113 +00000;   
-00984 -00115 +00007;   
-00986 -00115 +00000;   
-00985 -00110 -00256;   
-00980 -00117 -00001;   
-00986 -00114 -00256;   
-00984 -00114 +00253;   
-00979 -00117 -00003;   
-00981 -00113 +00000;   
-00981 -00109 +00004;   
-00984 -00122 +00005;   
-00987 -00108 +00001;   
-00985 -00115 -00003;   
-00979 -00111 +00005;   
-00983 -00110 +00001;   
-00983 -00116 +00004;   
-00984 -00116 -00253;   
-00986 -00115 +00004;   
-00984 -00116 -00002;   
-00984 -00113 +00003;   
-00980 -00114 +00255;   
-00981 -00115 +00003;   
-00981 -00113 -00254;   
-00984 -00111 +00255;   
-00989 -00115 +00004;   
-00982 -00116 -00253;   
-00985 -00114 +00004;   
-00981 -00112 +00003;   
-00983 -00113 +00251;   
-00982 -00112 +00005;   
-00985 -00117 +00004;   
-00980 -00116 -00255;   
-00983 -00109 -00253;   
-00984 -00116 +00005;   
-00983 -00108 +00000;   
-00988 -00117 -00255;   
-00983 -00114 +00004;   
-00981 -00115 +00251;   
-00984 -00117 +00000;   
-00984 -00115 -00002;   
-00984 -00115 +00254;   
-00979 -00117 -00256;   
-00980 -00115 -00003;   
-00986 -00114 +00000;   
-00979 -00111 -00008;   
-00980 -00114 +00003;   
-00988 -00114 -00256;   
-00983 -00116 +00000;   
-00983 -00117 -00007;   
-00982 -00118 +00000;   
-00982 -00117 +00002;   
-00982 -00110 +00000;   
-00982 -00111 +00003;   
-00983 -00111 +00255;   
-00984 -00112 +00008;   
-00977 -00118 +00011;   
-00983 -00118 +00009;   
-00980 -00104 +00016;   
-00983 -00108 +00013;   
-00981 -00120 +00014;   
-00968 -00153 +00023;   
-00982 -00109 -00008;   
-00978 -00097 +00015;   
-00978 -00119 -00003;   
-00977 -00119 -00008;   
-00983 -00106 +00008;   
-00980 -00114 +00002;   
-00988 -00121 +00001;   
-00983 -00114 +00001;   
-00985 -00115 -00002;   
-00983 -00114 +00009;   
-00985 -00113 -00253;   
-00985 -00111 -00250;   
-00984 -00120 +00002;   
-00981 -00114 +00250;   
-00983 -00115 +00253;   
-00985 -00116 +00000;   
-00959 -00094 +00000;   
-00979 -00132 -00001;   
-00983 -00118 -00007;   
-00987 -00102 +00003;   
-00977 -00114 -00002;   
-00993 -00081 -00008;   
-00973 -00111 +00039;   
-00980 -00148 +00023;   
-00985 -00118 +00017;   
-00981 -00109 -00015;   
-00982 -00115 +00004;   
-00982 -00120 +00003;   
-00982 -00115 -00254;   
-00979 -00116 +00010;   
-00986 -00113 +00004;   
-00988 -00124 -00256;   
-00990 -00118 +00000;   
-00984 -00104 -00254;   
-00974 -00134 +00007;   
-00980 -00083 -00012;   
-00990 -00118 +00013;   
-00993 -00122 +00021;   
-00973 -00121 +00036;   
-00987 -00112 +00005;   
-00983 -00108 +00000;   
-00986 -00108 -00012;   
-00982 -00124 +00255;   
-00982 -00132 -00014;   
-00978 -00109 +00013;   
-00984 -00100 +00016;   
-00979 -00126 +00006;   
-00980 -00111 +00002;   
-00980 -00107 +00008;   
-00980 -00110 -00252;   
-00978 -00123 -00256;   
-00985 -00116 +00004;   
-00984 -00112 +00006;   
-00985 -00123 +00003;   
-00981 -00110 +00003;   
-00985 -00109 +00005;   
-00982 -00116 +00003;   
-00984 -00110 +00011;   
-00985 -00114 +00007;   
-00989 -00115 +00005;   
-00978 -00121 +00008;   
-00983 -00110 +00005;   
-00990 -00116 +00009;   
-00975 -00117 -00010;   
-00975 -00110 -00009;   
-00989 -00110 -00010;   
-00987 -00120 -00010;   
-00982 -00115 +00000;   
-00987 -00110 +00008;   
-00989 -00117 +00010;   
-00986 -00118 +00006;   
-00984 -00115 -00003;   
-00985 -00112 -00003;   
-00981 -00117 +00001;   
-00979 -00123 +00005;   
-00984 -00118 +00002;   
-00986 -00114 -00244;   
-00983 -00114 +00003;   
-00987 -00108 +00255;   
-00982 -00113 +00001;   
-00983 -00118 +00003;   
-00981 -00116 +00253;   
-00982 -00119 -00250;   
-00986 -00113 -00256;   
-00984 -00113 -00250;   
-00981 -00117 +00004;   
-00984 -00117 +00255;   
-00984 -00113 +00000;   
-00981 -00115 +00001;   
-00981 -00116 -00002;   
-00984 -00114 +00255;   
-00982 -00110 +00000;   
-00984 -00121 +00254;   
-00982 -00116 +00000;   
-00984 -00115 +00255;   
-00981 -00113 +00001;   
-00984 -00114 +00006;   
-00987 -00118 +00003;   
-00987 -00113 +00001;   
-00984 -00117 +00000;   
-00983 -00117 +00254;   
-00986 -00112 +00004;   
-00989 -00113 +00006;   
-00980 -00114 +00002;   
-00984 -00112 -00001;   
-00958 -00106 -00005;   
-00970 -00116 +00021;   
-00985 -00108 +00036;   
-00981 -00108 +00018;   
-00989 -00120 +00014;   
-00979 -00113 -00010;   
-00988 -00120 -00013;   
-00989 -00114 +00000;   
-00979 -00115 +00006;   
-00986 -00109 +00001;   
-00981 -00117 +00000;   
-00987 -00114 -00256;   
-00982 -00117 -00249;   
-00981 -00118 +00000;   
-00981 -00116 +00010;   
-00986 -00115 +00002;   
-00986 -00113 +00000;   
-00982 -00118 -00251;   
-00987 -00110 +00000;   
-00981 -00113 +00003;   
-00979 -00112 +00009;   
-00984 -00112 +00000;   
-00980 -00116 -00248;   
-00985 -00113 +00000;   
-00978 -00109 +00000;   
-00985 -00113 +00003;   
-00980 -00114 -00001;   
-00980 -00120 +00004;   
-00983 -00117 +00001;   
-00986 -00116 -00021;   
-00986 -00119 -00003;   
-00992 -00120 +00001;   
-00979 -00119 +00005;   
-00984 -00106 +00005;   
-00976 -00114 -00006;   
-00980 -00116 -00001;   
-00972 -00117 +00000;   
-00983 -00118 +00253;   
-00987 -00112 +00000;   
-00977 -00116 +00014;   
-00979 -00113 +00006;   
-00979 -00110 +00007;   
-00985 -00110 +00009;   
-00980 -00117 -00247;   
-00984 -00115 +00250;   
-00981 -00118 +00003;   
-00981 -00111 -00007;   
-00980 -00114 -00003;   
-00980 -00117 +00004;   
-00980 -00118 +00255;   
-00987 -00117 -00254;   
-00988 -00113 -00256;   
-00980 -00119 +00000;   
-00989 -00112 -00005;   
-00990 -00113 +00254;   
-00985 -00110 +00009;   
-00986 -00117 +00011;   
-00982 -00117 +00015;   
-00983 -00114 +00254;   
-00982 -00118 -00256;   
-00979 -00114 +00254;   
-00981 -00114 +00000;   
-00981 -00109 +00008;   
-00984 -00116 -00014;   
-00980 -00122 -00015;   
-00993 -00076 +00020;   
-00970 -00109 +00020;   
-00979 -00146 +00018;   
-00985 -00110 -00017;   
-00982 -00101 +00029;   
-00987 -00104 +00008;   
-00986 -00116 +00015;   
-00970 -00110 +00012;   
-00984 -00130 +00005;   
-00978 -00113 +00024;   
-00981 -00108 -00009;   
-00984 -00105 +00000;   
-00979 -00121 +00010;   
-00979 -00118 +00003;   
-00974 -00112 +00002;   
-00976 -00127 +00009;   
-00979 -00111 +00007;   
-00990 -00105 -00006;   
-00985 -00122 -00009;   
-00978 -00091 +00006;   
-00976 -00124 +00016;   
-00984 -00118 +00018;   
-00987 -00110 +00009;   
-00981 -00112 +00012;   
-00985 -00096 -00005;   
-00992 -00123 +00004;   
-00976 -00111 -00027;   
-00981 -00115 +00012;   
-00979 -00121 +00022;   
-00957 -00111 +00029;   
-00991 -00109 -00017;   
-00989 -00124 -00017;   
-00987 -00112 -00052;   
-00966 -00089 +00012;   
-00990 -00124 +00015;   
-00988 -00125 +00022;   
-00989 -00114 -00005;   
-00972 -00100 +00000;   
-00987 -00123 +00004;   
-00986 -00113 +00000;   
-00982 -00111 -00003;   
