+00017 -01083 -00009;   
+00026 -01088 -00009;   
+00013 -01088 -00005;   
+00010 -01088 -00008;   
+00013 -01091 -00256;   
+00014 -01101 -00255;   
+00011 -01090 -00255;   
+00020 -01082 -00002;   
+00016 -01090 +00000;   
+00013 -01086 -00005;   
+00014 -01083 -00002;   
+00009 -01086 -00001;   
+00016 -01086 -00002;   
+00023 -01086 -00006;   
+00018 -01084 +00250;   
+00014 -01084 +00001;   
+00026 -01088 -00004;   
+00016 -01088 -00013;   
+00014 -01089 -00009;   
+00015 -01081 -00008;   
+00016 -01083 -00005;   
+00018 -01084 +00002;   
+00016 -01086 -00004;   
+00013 -01084 -00002;   
+00011 -01087 -00255;   
+00015 -01091 -00005;   
+00023 -01086 -00004;   
+00015 -01089 +00000;   
+00013 -01088 -00005;   
+00019 -01088 -00001;   
+00014 -01085 -00001;   
+00009 -01093 +00005;   
+00011 -01087 +00001;   
+00024 -01091 +00005;   
-00002 -01085 +00254;   
+00003 -01084 -00009;   
+00026 -01078 -00010;   
+00022 -01089 -00005;   
+00006 -01088 +00002;   
+00024 -01087 -00256;   
+00021 -01092 +00249;   
+00015 -01086 -00010;   
+00017 -01085 -00012;   
+00017 -01089 -00006;   
+00014 -01088 +00255;   
+00016 -01086 +00001;   
+00015 -01090 -00018;   
+00016 -01091 -00013;   
+00011 -01086 +00000;   
+00020 -01087 -00255;   
+00022 -01089 -00255;   
+00012 -01084 -00005;   
+00014 -01084 +00253;   
+00019 -01085 -00008;   
+00011 -01087 -00006;   
+00004 -01086 -00003;   
+00020 -01084 -00253;   
+00012 -01085 -00010;   
+00016 -01090 -00009;   
+00020 -01087 -00007;   
+00014 -01085 -00004;   
+00014 -01082 -00011;   
+00022 -01087 -00256;   
+00016 -01083 -00001;   
+00012 -01097 -00002;   
+00017 -01098 +00002;   
+00015 -01087 +00000;   
+00018 -01085 -00021;   
+00016 -01084 -00010;   
+00017 -01089 +00254;   
+00022 -01087 -00010;   
+00022 -01087 -00003;   
+00031 -01089 -00025;   
+00011 -01092 -00015;   
+00012 -01096 -00255;   
+00024 -01090 +00004;   
+00018 -01087 +00001;   
+00016 -01087 -00002;   
+00022 -01078 -00016;   
+00021 -01117 -00046;   
+00024 -01084 -00004;   
+00017 -01083 +00016;   
+00014 -01089 +00002;   
+00009 -01076 +00001;   
+00022 -01109 -00011;   
+00018 -01093 -00023;   
+00009 -01081 -00011;   
+00019 -01083 -00007;   
+00016 -01088 +00000;   
+00016 -01089 -00002;   
+00014 -01089 +00251;   
+00023 -01088 -00005;   
+00024 -01089 -00005;   
+00019 -01085 -00008;   
+00020 -01087 -00011;   
+00009 -01083 +00252;   
+00014 -01085 -00256;   
+00015 -01091 -00002;   
+00034 -01093 -00019;   
+00011 -01085 +00017;   
+00010 -01092 +00010;   
+00011 -01082 -00005;   
+00022 -01082 -00022;   
+00021 -01083 -00023;   
+00007 -01084 -00014;   
+00015 -01089 +00018;   
+00012 -01088 +00013;   
+00014 -01089 -00005;   
+00013 -01088 -00010;   
+00018 -01085 -00013;   
+00018 -01087 -00002;   
+00014 -01086 -00256;   
+00017 -01094 -00004;   
+00015 -01081 +00001;   
+00021 -01075 -00005;   
+00006 -01084 -00008;   
+00010 -01084 +00249;   
+00021 -01083 +00253;   
+00018 -01091 -00004;   
+00014 -01085 -00007;   
+00021 -01089 -00001;   
+00019 -01088 -00007;   
+00013 -01091 +00000;   
+00053 -01100 -00044;   
+00012 -01088 -00025;   
-00007 -01088 +00000;   
+00026 -01089 +00016;   
+00033 -01088 +00007;   
+00002 -01090 -00006;   
+00010 -01086 -00005;   
+00030 -01083 -00034;   
+00033 -01086 -00016;   
+00010 -01089 -00008;   
+00010 -01080 +00007;   
+00013 -01092 -00001;   
+00020 -01082 +00251;   
+00015 -01081 -00012;   
+00016 -01087 -00008;   
+00017 -01085 +00006;   
+00014 -01087 -00005;   
+00018 -01085 -00006;   
+00016 -01089 +00000;   
+00012 -01079 -00252;   
+00021 -01085 -00005;   
+00021 -01084 -00007;   
+00017 -01088 +00252;   
+00018 -01086 -00014;   
+00028 -01088 +00007;   
+00000 -01088 -00003;   
+00013 -01097 -00001;   
+00015 -01087 -00016;   
+00010 -01082 -00013;   
+00002 -01084 +00012;   
+00022 -01089 -00252;   
+00010 -01087 -00006;   
+00004 -01082 -00013;   
+00010 -01083 -00003;   
+00026 -01086 +00015;   
+00015 -01088 -00256;   
+00025 -01077 -00018;   
+00028 -01084 -00001;   
+00015 -01089 -00005;   
+00009 -01083 +00005;   
+00022 -01085 +00252;   
+00016 -01090 -00005;   
+00023 -01090 -00007;   
+00018 -01085 -00005;   
+00012 -01084 -00004;   
+00009 -01090 -00252;   
+00022 -01088 +00253;   
+00016 -01085 -00002;   
+00017 -01088 -00005;   
+00015 -01091 +00249;   
+00017 -01088 +00002;   
+00012 -01096 +00254;   
+00015 -01091 +00000;   
+00016 -01093 -00256;   
+00014 -01093 -00256;   
+00020 -01089 -00002;   
+00020 -01092 -00245;   
+00010 -01083 +00255;   
+00014 -01093 -00005;   
+00015 -01085 -00005;   
+00016 -01089 -00004;   
+00017 -01091 -00007;   
+00022 -01086 -00011;   
+00020 -01087 -00006;   
+00018 -01090 -00002;   
+00015 -01089 -00006;   
+00017 -01088 -00003;   
+00016 -01089 +00000;   
+00013 -01087 -00255;   
+00020 -01088 -00002;   
+00020 -01087 -00008;   
+00021 -01089 -00009;   
+00014 -01083 +00253;   
+00015 -01087 -00006;   
+00016 -01087 +00253;   
+00019 -01085 -00010;   
+00015 -01092 +00000;   
+00011 -01088 -00002;   
+00018 -01089 -00010;   
+00016 -01092 -00004;   
+00021 -01089 -00256;   
+00020 -01087 +00000;   
+00017 -01088 -00256;   
+00017 -01090 +00000;   
+00019 -01085 -00007;   
+00020 -01089 -00002;   
+00020 -01084 -00003;   
+00016 -01082 -00005;   
+00017 -01088 -00008;   
+00012 -01097 -00256;   
+00012 -01083 -00002;   
+00010 -01091 -00009;   
+00019 -01092 -00007;   
+00012 -01084 -00005;   
+00013 -01093 -00006;   
+00017 -01085 -00005;   
+00016 -01086 -00254;   
+00016 -01088 +00251;   
+00015 -01088 -00013;   
+00014 -01082 -00008;   
+00013 -01086 -00007;   
+00015 -01088 -00002;   
+00016 -01087 +00248;   
+00014 -01086 +00250;   
+00015 -01089 -00002;   
+00017 -01086 +00255;   
+00016 -01086 -00009;   
+00016 -01089 -00005;   
+00010 -01083 +00000;   
+00018 -01086 +00247;   
+00020 -01086 -00007;   
+00024 -01086 -00006;   
+00017 -01085 +00251;   
+00015 -01088 -00007;   
+00014 -01084 -00002;   
+00013 -01091 -00007;   
+00014 -01086 -00009;   
+00017 -01085 -00004;   
+00011 -01088 -00002;   
+00017 -01087 +00001;   
+00017 -01088 +00002;   
+00014 -01087 +00000;   
+00016 -01084 -00003;   
+00016 -01082 -00001;   
+00017 -01082 +00249;   
+00022 -01090 +00002;   
+00020 -01089 -00006;   
+00020 -01086 -00004;   
+00021 -01085 +00254;   
+00016 -01089 -00010;   
+00019 -01083 -00005;   
+00016 -01085 -00001;   
+00010 -01082 -00001;   
+00022 -01087 -00004;   
+00017 -01088 +00254;   
+00012 -01086 +00001;   
+00016 -01090 -00008;   
+00021 -01087 +00001;   
+00018 -01086 +00255;   
+00017 -01085 +00254;   
+00021 -01088 -00255;   
+00018 -01084 -00001;   
+00016 -01087 -00004;   
+00017 -01089 -00010;   
+00020 -01088 -00256;   
+00018 -01091 +00251;   
+00021 -01086 -00002;   
+00014 -01088 -00001;   
+00020 -01083 -00256;   
+00019 -01087 -00253;   
+00020 -01089 -00001;   
+00015 -01087 -00006;   
+00016 -01087 -00001;   
+00016 -01088 -00256;   
+00020 -01087 -00252;   
+00012 -01085 -00008;   
+00020 -01089 -00012;   
+00018 -01087 -00256;   
+00023 -01092 +00250;   
+00019 -01090 -00009;   
+00017 -01087 -00009;   
+00013 -01090 -00002;   
+00014 -01084 -00014;   
+00020 -01084 +00254;   
+00015 -01090 -00256;   
+00016 -01084 -00011;   
+00013 -01086 +00251;   
+00014 -01084 -00003;   
+00017 -01088 -00004;   
+00012 -01088 -00256;   
+00016 -01086 +00253;   
+00016 -01089 +00255;   
+00020 -01085 +00252;   
+00017 -01084 -00004;   
+00020 -01094 +00000;   
+00018 -01084 +00255;   
+00012 -01088 -00001;   
+00010 -01082 -00003;   
+00019 -01090 -00010;   
+00018 -01094 +00000;   
+00018 -01087 +00248;   
+00019 -01089 -00255;   
+00018 -01085 +00000;   
+00013 -01087 +00251;   
+00017 -01090 +00000;   
+00019 -01089 -00002;   
+00022 -01088 -00002;   
+00019 -01086 +00252;   
+00017 -01093 -00003;   
+00014 -01085 -00001;   
+00017 -01086 +00253;   
+00016 -01090 -00256;   
+00016 -01087 -00003;   
+00018 -01083 -00256;   
+00021 -01087 +00253;   
+00015 -01087 -00256;   
+00012 -01087 +00253;   
+00021 -01090 -00006;   
+00013 -01088 -00001;   
+00017 -01087 -00003;   
+00016 -01085 -00005;   
+00016 -01090 -00007;   
+00016 -01085 -00007;   
+00020 -01084 -00001;   
+00018 -01084 -00004;   
+00018 -01088 +00000;   
+00015 -01087 +00251;   
+00019 -01086 -00001;   
+00018 -01085 +00252;   
+00018 -01087 -00002;   
+00014 -01089 -00255;   
+00017 -01091 +00247;   
+00017 -01096 -00008;   
+00015 -01079 -00002;   
+00016 -01086 +00000;   
+00014 -01090 +00255;   
+00021 -01088 -00256;   
+00017 -01084 -00001;   
+00018 -01090 -00003;   
+00016 -01079 +00004;   
+00013 -01089 -00005;   
+00019 -01090 +00251;   
+00013 -01084 -00003;   
+00018 -01088 +00251;   
+00015 -01090 -00003;   
+00014 -01086 +00001;   
+00019 -01089 +00003;   
+00021 -01092 -00254;   
+00014 -01087 -00003;   
+00016 -01089 -00003;   
+00016 -01083 -00007;   
+00014 -01088 -00004;   
+00013 -01082 +00253;   
+00014 -01088 -00002;   
+00021 -01089 -00002;   
+00013 -01089 -00007;   
+00012 -01089 -00002;   
+00017 -01089 -00008;   
+00015 -01088 -00001;   
+00013 -01085 -00003;   
+00017 -01090 +00000;   
+00012 -01089 -00005;   
+00016 -01091 -00256;   
+00017 -01081 -00002;   
+00014 -01084 +00251;   
+00016 -01085 -00003;   
+00018 -01085 -00003;   
+00018 -01086 +00000;   
+00018 -01090 +00247;   
+00018 -01091 +00001;   
+00016 -01088 -00002;   
+00011 -01089 -00011;   
+00018 -01087 -00004;   
+00019 -01084 -00256;   
+00014 -01084 +00000;   
+00017 -01091 +00254;   
+00018 -01084 -00005;   
+00020 -01089 -00005;   
+00020 -01084 -00004;   
+00020 -01087 +00002;   
+00017 -01089 -00008;   
+00017 -01087 +00251;   
+00016 -01089 +00250;   
+00014 -01087 -00003;   
+00020 -01084 +00253;   
+00019 -01087 +00253;   
+00016 -01082 -00007;   
+00015 -01087 -00009;   
+00020 -01087 -00007;   
+00018 -01086 -00009;   
+00016 -01086 -00012;   
+00020 -01088 -00004;   
+00014 -01087 -00008;   
+00019 -01081 +00244;   
+00015 -01091 -00001;   
+00015 -01091 -00003;   
+00017 -01088 +00000;   
+00015 -01089 +00252;   
+00016 -01088 -00009;   
+00021 -01092 -00009;   
+00014 -01083 -00256;   
+00014 -01088 -00003;   
+00018 -01091 -00004;   
+00011 -01085 +00251;   
+00015 -01085 -00003;   
+00016 -01086 -00004;   
+00018 -01088 -00005;   
+00015 -01089 -00012;   
+00016 -01084 +00253;   
+00015 -01090 -00003;   
+00016 -01084 -00004;   
+00019 -01083 -00002;   
+00016 -01084 -00004;   
+00019 -01083 -00003;   
+00017 -01083 -00006;   
+00015 -01084 -00004;   
+00020 -01088 -00005;   
+00015 -01089 -00003;   
+00016 -01085 -00008;   
+00019 -01086 -00004;   
+00020 -01086 -00002;   
+00015 -01084 +00255;   
+00019 -01087 -00011;   
+00017 -01088 -00007;   
+00014 -01093 -00004;   
+00017 -01086 -00007;   
+00016 -01086 -00256;   
+00020 -01089 -00001;   
+00019 -01084 -00003;   
+00018 -01088 -00003;   
+00015 -01083 -00006;   
+00018 -01087 -00005;   
+00014 -01091 -00004;   
+00027 -01089 +00000;   
+00016 -01088 -00005;   
+00017 -01091 -00005;   
+00019 -01092 -00005;   
+00014 -01089 -00002;   
+00016 -01088 +00251;   
+00018 -01088 -00001;   
+00016 -01092 -00005;   
+00017 -01089 +00001;   
+00018 -01089 -00006;   
+00018 -01094 +00254;   
+00017 -01084 -00006;   
+00016 -01090 -00256;   
+00015 -01083 -00008;   
+00019 -01085 -00008;   
+00016 -01090 -00256;   
+00020 -01088 -00007;   
+00020 -01088 -00003;   
+00020 -01086 -00256;   
+00020 -01084 -00005;   
+00012 -01080 -00011;   
+00019 -01085 -00256;   
+00016 -01087 -00007;   
+00017 -01085 +00251;   
+00017 -01084 -00005;   
+00017 -01085 -00006;   
+00017 -01088 -00256;   
+00018 -01090 -00006;   
+00026 -01085 +00248;   
+00015 -01087 -00003;   
+00014 -01085 -00007;   
+00018 -01086 -00255;   
+00018 -01088 -00004;   
+00021 -01089 -00004;   
+00014 -01088 +00251;   
+00017 -01089 -00002;   
+00022 -01084 -00001;   
+00019 -01083 -00001;   
+00020 -01082 +00000;   
+00022 -01091 -00001;   
+00020 -01087 +00252;   
+00018 -01084 +00255;   
+00018 -01085 -00006;   
+00016 -01085 -00004;   
+00015 -01086 +00248;   
+00018 -01088 -00008;   
+00017 -01088 -00256;   
+00018 -01093 -00253;   
+00016 -01088 -00003;   
+00009 -01086 -00005;   
+00017 -01087 -00009;   
+00015 -01087 -00001;   
+00014 -01084 -00007;   
+00020 -01082 -00004;   
+00018 -01086 -00003;   
+00018 -01081 +00254;   
+00010 -01087 -00256;   
+00016 -01089 -00005;   
+00015 -01087 -00008;   
+00019 -01086 -00008;   
+00023 -01094 +00246;   
+00019 -01089 -00002;   
+00017 -01086 -00002;   
+00024 -01085 -00010;   
+00018 -01089 -00010;   
+00018 -01084 -00005;   
+00020 -01092 -00006;   
+00020 -01091 -00008;   
+00017 -01091 +00250;   
+00018 -01091 -00006;   
+00016 -01090 -00009;   
+00016 -01088 +00253;   
+00017 -01089 +00000;   
+00013 -01087 -00007;   
+00015 -01086 -00006;   
+00013 -01091 +00249;   
+00015 -01093 -00006;   
+00019 -01091 +00253;   
+00014 -01089 -00012;   
+00014 -01087 -00001;   
+00020 -01084 +00252;   
+00018 -01087 +00253;   
+00016 -01083 +00000;   
+00020 -01089 -00006;   
+00013 -01090 +00004;   
+00017 -01089 -00002;   
+00015 -01085 +00249;   
+00015 -01083 -00256;   
+00018 -01086 -00008;   
+00018 -01083 -00009;   
+00021 -01081 -00009;   
+00019 -01086 -00005;   
+00018 -01088 -00004;   
+00020 -01086 +00252;   
+00020 -01091 -00004;   
+00024 -01093 -00006;   
+00018 -01083 +00249;   
+00018 -01088 -00008;   
+00016 -01085 -00005;   
+00015 -01091 -00003;   
+00015 -01092 -00006;   
+00015 -01088 +00000;   
+00018 -01092 +00254;   
+00015 -01089 -00003;   
+00016 -01086 -00004;   
+00014 -01088 -00001;   
+00017 -01087 +00250;   
+00016 -01088 -00006;   
+00016 -01087 -00007;   
+00016 -01087 -00004;   
+00014 -01094 -00009;   
+00021 -01084 +00248;   
+00019 -01090 +00004;   
+00022 -01088 -00001;   
+00019 -01082 -00256;   
+00016 -01086 -00002;   
+00020 -01091 -00004;   
+00017 -01087 -00003;   
+00017 -01083 -00253;   
+00016 -01088 -00008;   
+00012 -01091 -00004;   
+00016 -01085 -00004;   
+00019 -01090 -00005;   
+00015 -01090 -00006;   
+00018 -01086 -00006;   
+00016 -01086 -00002;   
+00016 -01086 -00256;   
+00013 -01087 -00256;   
+00019 -01082 +00000;   
+00014 -01080 +00000;   
+00012 -01090 -00002;   
+00016 -01087 +00250;   
+00016 -01087 -00001;   
+00018 -01091 -00005;   
+00018 -01088 -00007;   
+00018 -01087 -00005;   
+00013 -01087 -00003;   
+00017 -01094 -00005;   
+00015 -01083 -00003;   
+00018 -01089 +00003;   
+00014 -01082 -00004;   
+00018 -01086 -00005;   
+00015 -01082 -00004;   
+00013 -01089 -00002;   
+00018 -01088 +00000;   
+00017 -01092 -00003;   
+00017 -01087 +00000;   
+00015 -01086 -00004;   
+00019 -01088 -00006;   
+00018 -01090 -00005;   
+00020 -01090 -00009;   
+00020 -01090 -00007;   
+00018 -01086 +00247;   
+00015 -01090 -00009;   
+00015 -01089 +00251;   
+00016 -01087 +00254;   
+00015 -01086 -00256;   
+00017 -01087 -00005;   
+00017 -01088 +00254;   
+00016 -01085 -00001;   
+00013 -01090 -00001;   
+00017 -01093 -00001;   
+00015 -01090 +00255;   
+00019 -01090 +00002;   
+00021 -01083 -00005;   
+00017 -01088 -00009;   
+00019 -01087 -00006;   
+00013 -01083 -00002;   
+00018 -01090 +00254;   
+00018 -01086 -00001;   
+00018 -01085 -00009;   
+00018 -01088 -00008;   
+00019 -01088 +00000;   
+00018 -01090 -00007;   
+00017 -01090 -00254;   
+00017 -01089 -00005;   
+00016 -01086 -00003;   
+00020 -01093 -00004;   
+00017 -01088 -00256;   
+00018 -01088 -00004;   
+00014 -01093 -00002;   
+00013 -01082 -00005;   
+00019 -01084 +00000;   
+00015 -01087 -00004;   
+00014 -01088 -00009;   
+00021 -01090 -00007;   
+00015 -01083 -00254;   
