-00009 -00003 -00018;   
+00000 +00009 +00016;   
+00013 -00245 +00011;   
-00030 +00027 -00021;   
-00020 +00032 -00010;   
-00009 -00055 +00017;   
-00012 +00027 +00044;   
-00039 -00008 +00011;   
-00016 +00013 +00024;   
-00028 +00022 +00018;   
+00249 +00025 -00010;   
-00007 -00002 +00005;   
+00010 -00031 +00013;   
-00012 -00007 +00032;   
+00004 -00033 +00010;   
-00010 -00001 -00005;   
-00013 +00000 -00024;   
-00026 +00010 -00025;   
+00015 -00040 -00015;   
-00017 -00027 -00004;   
-00256 +00028 +00006;   
-00029 -00011 +00015;   
-00029 +00010 +00232;   
-00002 -00009 +00008;   
-00020 -00008 -00031;   
+00004 -00030 -00236;   
-00003 -00032 +00019;   
+00017 -00013 -00016;   
-00007 +00021 -00008;   
-00011 -00005 -00241;   
+00000 +00014 -00044;   
-00026 -00224 -00052;   
-00008 +00028 -00018;   
+00010 -00023 -00022;   
-00030 -00001 -00003;   
-00004 +00007 -00011;   
+00010 +00003 +00010;   
-00009 -00223 +00018;   
-00009 +00022 -00018;   
-00044 +00019 +00023;   
+00020 -00251 -00008;   
+00006 +00001 +00024;   
-00027 -00019 +00004;   
-00004 -00021 +00005;   
-00025 +00015 -00008;   
-00012 +00025 +00031;   
+00004 +00015 -00029;   
-00012 +00005 -00014;   
-00003 +00041 +00007;   
+00003 +00020 -00012;   
+00009 +00000 -00007;   
-00241 +00037 +00015;   
-00021 +00070 -00006;   
+00249 -00013 +00007;   
-00026 +00010 +00000;   
-00014 +00026 +00001;   
-00017 -00022 +00006;   
-00013 -00038 +00024;   
+00003 +00006 -00023;   
+00013 +00030 +00011;   
-00010 +00029 +00016;   
-00010 +00026 +00247;   
-00022 +00036 +00007;   
-00013 +00025 +00042;   
+00025 -00008 -00009;   
+00012 +00044 -00021;   
+00003 +00038 -00015;   
+00008 +00037 -00002;   
-00021 -00006 +00008;   
-00256 +00012 -00013;   
-00025 -00016 -00004;   
-00020 +00023 -00020;   
-00004 +00031 +00030;   
+00007 -00007 +00251;   
-00015 +00012 +00023;   
-00010 -00001 -00243;   
-00009 +00012 -00027;   
+00018 +00012 +00247;   
-00006 +00052 -00003;   
-00011 -00019 +00245;   
-00002 +00021 +00024;   
+00014 -00232 -00020;   
-00038 +00233 +00022;   
-00031 +00005 -00004;   
-00010 +00009 +00003;   
+00011 -00246 +00002;   
-00012 +00022 -00003;   
-00007 -00232 +00016;   
-00015 +00254 +00003;   
-00011 +00023 +00018;   
+00008 +00044 +00030;   
-00020 +00001 +00013;   
+00009 +00003 +00003;   
-00021 +00041 -00033;   
+00007 +00022 +00016;   
-00245 +00004 +00023;   
-00025 +00002 +00013;   
-00246 +00013 +00000;   
-00246 -00005 +00005;   
-00009 +00045 -00009;   
+00002 +00057 +00006;   
-00036 +00020 -00016;   
