+00206 +00193 +01068;   
+00218 +00211 +01081;   
+00194 +00205 +01081;   
+00194 +00199 +01075;   
+00212 +00205 +01094;   
+00194 +00217 +01087;   
+00206 +00211 +01074;   
+00194 +00199 +01081;   
+00223 +00199 +01081;   
+00206 +00193 +01081;   
+00212 +00187 +01087;   
+00212 +00199 +01068;   
+00223 +00205 +01074;   
+00218 +00205 +01093;   
+00200 +00187 +01099;   
+00212 +00211 +01087;   
+00212 +00187 +01081;   
+00188 +00193 +01093;   
+00223 +00205 +01081;   
+00206 +00199 +01087;   
+00200 +00211 +01093;   
+00223 +00199 +01087;   
+00200 +00193 +01081;   
+00223 +00199 +01074;   
+00206 +00217 +01068;   
+00212 +00234 +01062;   
+00212 +00187 +01081;   
+00212 +00199 +01087;   
+00223 +00193 +01081;   
+00200 +00193 +01074;   
+00212 +00199 +01081;   
+00223 +00199 +01074;   
+00229 +00205 +01081;   
+00218 +00211 +01074;   
+00218 +00193 +01093;   
+00206 +00199 +01074;   
+00206 +00205 +01074;   
+00200 +00199 +01074;   
+00212 +00193 +01074;   
+00194 +00199 +01080;   
+00200 +00211 +01080;   
+00200 +00193 +01086;   
+00212 +00199 +01081;   
+00194 +00199 +01068;   
+00194 +00199 +01075;   
+00188 +00199 +01087;   
+00223 +00205 +01074;   
+00200 +00199 +01087;   
+00182 +00199 +01068;   
+00188 +00187 +01087;   
+00200 +00199 +01080;   
+00200 +00217 +01087;   
+00188 +00211 +01086;   
+00206 +00199 +01087;   
+00218 +00205 +01068;   
+00200 +00193 +01087;   
+00218 +00187 +01068;   
+00188 +00205 +01080;   
+00206 +00199 +01068;   
+00188 +00199 +01081;   
+00218 +00199 +01080;   
+00212 +00205 +01087;   
+00218 +00199 +01087;   
+00188 +00205 +01080;   
+00188 +00193 +01099;   
+00188 +00205 +01087;   
+00206 +00205 +01068;   
+00212 +00199 +01068;   
+00206 +00193 +01087;   
+00218 +00193 +01093;   
+00223 +00211 +01081;   
+00212 +00199 +01074;   
+00212 +00205 +01074;   
+00206 +00187 +01074;   
+00194 +00217 +01074;   
+00206 +00199 +01074;   
+00194 +00217 +01074;   
+00206 +00193 +01087;   
+00200 +00187 +01068;   
+00200 +00193 +01080;   
+00212 +00205 +01081;   
+00212 +00193 +01092;   
+00218 +00199 +01086;   
+00206 +00193 +01080;   
+00212 +00181 +01086;   
+00194 +00199 +01068;   
+00218 +00187 +01061;   
+00200 +00193 +01099;   
+00212 +00217 +01087;   
+00212 +00193 +01074;   
+00212 +00205 +01068;   
+00200 +00217 +01080;   
+00194 +00211 +01074;   
+00200 +00187 +01086;   
+00212 +00193 +01080;   
+00200 +00205 +01086;   
+00212 +00193 +01068;   
+00206 +00222 +01074;   
+00188 +00199 +01086;   
+00200 +00211 +01087;   
+00206 +00181 +01093;   
+00218 +00211 +01080;   
+00188 +00205 +01068;   
+00206 +00193 +01080;   
+00218 +00199 +01074;   
+00194 +00199 +01086;   
+00200 +00211 +01080;   
+00206 +00193 +01074;   
+00200 +00205 +01086;   
+00212 +00199 +01074;   
+00229 +00199 +01080;   
+00212 +00193 +01080;   
+00200 +00175 +01068;   
+00200 +00211 +01068;   
+00241 +00193 +01080;   
+00194 +00199 +01074;   
+00206 +00199 +01087;   
+00212 +00181 +01080;   
+00206 +00217 +01061;   
+00212 +00199 +01093;   
+00194 +00211 +01080;   
+00200 +00211 +01068;   
+00218 +00193 +01099;   
+00200 +00222 +01080;   
+00194 +00193 +01080;   
+00212 +00217 +01049;   
+00212 +00205 +01080;   
+00223 +00199 +01073;   
+00206 +00211 +01068;   
+00218 +00205 +01068;   
+00223 +00193 +01086;   
+00206 +00205 +01087;   
+00223 +00211 +01068;   
+00206 +00193 +01093;   
+00206 +00211 +01074;   
+00182 +00193 +01080;   
+00212 +00187 +01068;   
+00218 +00211 +01074;   
+00212 +00205 +01074;   
+00206 +00187 +01074;   
+00194 +00199 +01099;   
+00206 +00199 +01080;   
+00206 +00199 +01074;   
+00206 +00217 +01093;   
+00218 +00193 +01074;   
+00194 +00205 +01073;   
+00206 +00211 +01080;   
+00206 +00193 +01086;   
+00200 +00199 +01080;   
+00194 +00205 +01086;   
+00200 +00217 +01086;   
+00218 +00205 +01073;   
+00188 +00217 +01074;   
+00206 +00211 +01080;   
+00212 +00193 +01061;   
+00212 +00193 +01080;   
+00212 +00187 +01080;   
+00200 +00217 +01092;   
+00212 +00211 +01061;   
+00223 +00199 +01080;   
+00200 +00211 +01080;   
+00212 +00199 +01080;   
+00206 +00193 +01093;   
+00212 +00199 +01080;   
+00206 +00199 +01092;   
+00206 +00205 +01074;   
+00223 +00211 +01092;   
+00212 +00199 +01079;   
+00218 +00217 +01074;   
+00194 +00199 +01086;   
+00223 +00199 +01073;   
+00194 +00211 +01080;   
+00188 +00181 +01099;   
+00188 +00199 +01080;   
+00212 +00199 +01074;   
+00229 +00205 +01092;   
+00194 +00222 +01074;   
+00212 +00199 +01086;   
+00194 +00205 +01092;   
+00194 +00211 +01086;   
+00194 +00205 +01080;   
+00206 +00211 +01099;   
+00200 +00199 +01061;   
+00223 +00199 +01080;   
+00218 +00211 +01073;   
+00206 +00205 +01067;   
+00194 +00205 +01092;   
+00229 +00205 +01080;   
+00218 +00193 +01080;   
+00218 +00205 +01061;   
+00212 +00187 +01092;   
+00194 +00205 +01080;   
+00206 +00211 +01086;   
+00200 +00217 +01080;   
+00206 +00205 +01067;   
+00206 +00205 +01086;   
+00194 +00205 +01061;   
+00212 +00193 +01092;   
+00218 +00193 +01093;   
+00200 +00205 +01080;   
+00223 +00193 +01086;   
+00206 +00222 +01093;   
+00194 +00193 +01093;   
+00223 +00199 +01073;   
+00200 +00211 +01080;   
+00194 +00217 +01073;   
+00206 +00193 +01080;   
+00212 +00205 +01092;   
+00206 +00211 +01080;   
+00188 +00199 +01074;   
+00223 +00211 +01086;   
+00212 +00211 +01086;   
+00218 +00199 +01080;   
+00200 +00222 +01079;   
+00223 +00199 +01092;   
+00206 +00193 +01080;   
+00188 +00217 +01080;   
+00212 +00205 +01092;   
+00218 +00211 +01073;   
+00194 +00193 +01086;   
+00218 +00211 +01067;   
+00200 +00217 +01073;   
+00212 +00199 +01086;   
+00218 +00199 +01073;   
+00212 +00205 +01073;   
+00218 +00222 +01074;   
+00218 +00205 +01074;   
+00194 +00222 +01092;   
+00194 +00211 +01092;   
+00223 +00217 +01086;   
+00218 +00228 +01092;   
+00212 +00193 +01067;   
+00206 +00199 +01086;   
+00194 +00211 +01092;   
+00194 +00228 +01061;   
+00206 +00199 +01086;   
+00218 +00211 +01067;   
+00200 +00205 +01092;   
+00200 +00193 +01098;   
+00206 +00199 +01073;   
+00235 +00211 +01092;   
+00206 +00211 +01079;   
+00218 +00193 +01080;   
+00200 +00217 +01061;   
+00218 +00205 +01086;   
+00218 +00199 +01086;   
+00218 +00199 +01086;   
+00218 +00205 +01086;   
+00218 +00205 +01067;   
+00212 +00222 +01073;   
+00212 +00205 +01104;   
+00212 +00193 +01073;   
+00206 +00193 +01079;   
+00206 +00205 +01080;   
+00206 +00205 +01067;   
+00229 +00211 +01092;   
+00206 +00217 +01093;   
+00200 +00187 +01079;   
+00212 +00211 +01092;   
+00206 +00193 +01086;   
+00212 +00211 +01074;   
+00212 +00205 +01105;   
+00218 +00199 +01098;   
+00218 +00222 +01086;   
+00194 +00187 +01073;   
+00212 +00211 +01098;   
+00229 +00199 +01086;   
+00194 +00211 +01079;   
+00212 +00211 +01061;   
+00212 +00205 +01073;   
+00200 +00211 +01079;   
+00194 +00211 +01080;   
+00218 +00211 +01079;   
+00200 +00217 +01086;   
+00200 +00199 +01074;   
+00212 +00193 +01073;   
+00218 +00228 +01092;   
+00212 +00211 +01086;   
+00200 +00187 +01080;   
+00206 +00211 +01073;   
+00194 +00193 +01073;   
+00206 +00211 +01079;   
+00218 +00199 +01073;   
+00212 +00211 +01086;   
+00194 +00199 +01098;   
+00206 +00205 +01073;   
+00223 +00211 +01086;   
+00206 +00211 +01092;   
+00206 +00193 +01073;   
+00218 +00205 +01067;   
+00200 +00187 +01080;   
+00212 +00211 +01086;   
+00194 +00211 +01073;   
+00206 +00193 +01073;   
+00194 +00217 +01067;   
+00212 +00222 +01080;   
+00223 +00205 +01073;   
+00212 +00205 +01079;   
+00206 +00211 +01086;   
+00200 +00211 +01086;   
+00194 +00217 +01086;   
+00212 +00211 +01073;   
+00212 +00199 +01079;   
+00200 +00205 +01067;   
+00223 +00205 +01080;   
+00212 +00205 +01098;   
+00200 +00187 +01079;   
+00212 +00205 +01067;   
+00200 +00199 +01098;   
+00223 +00199 +01092;   
+00194 +00211 +01073;   
+00212 +00217 +01073;   
+00200 +00211 +01067;   
+00200 +00199 +01079;   
+00212 +00199 +01073;   
+00200 +00205 +01086;   
+00200 +00199 +01086;   
+00218 +00217 +01079;   
+00200 +00205 +01092;   
+00200 +00211 +01067;   
+00188 +00199 +01092;   
+00212 +00205 +01092;   
+00212 +00193 +01067;   
+00200 +00211 +01079;   
+00212 +00199 +01086;   
+00218 +00199 +01086;   
+00206 +00217 +01092;   
+00200 +00193 +01079;   
+00206 +00211 +01073;   
+00194 +00199 +01067;   
+00218 +00205 +01104;   
+00200 +00193 +01086;   
+00212 +00217 +01086;   
+00212 +00228 +01073;   
+00212 +00193 +01073;   
+00194 +00193 +01073;   
+00229 +00217 +01067;   
+00200 +00187 +01079;   
+00194 +00205 +01073;   
+00182 +00211 +01079;   
+00206 +00205 +01092;   
+00212 +00199 +01092;   
+00206 +00193 +01086;   
+00194 +00205 +01085;   
+00218 +00193 +01073;   
+00200 +00193 +01092;   
+00218 +00193 +01085;   
+00200 +00199 +01073;   
+00200 +00205 +01092;   
+00206 +00199 +01060;   
+00218 +00205 +01079;   
+00194 +00217 +01079;   
+00223 +00187 +01085;   
+00200 +00211 +01098;   
+00188 +00199 +01086;   
+00212 +00205 +01086;   
+00206 +00205 +01067;   
+00212 +00211 +01079;   
+00194 +00205 +01079;   
+00206 +00205 +01086;   
+00194 +00193 +01098;   
+00206 +00199 +01086;   
+00212 +00205 +01073;   
+00200 +00199 +01092;   
+00206 +00211 +01073;   
+00218 +00181 +01073;   
+00218 +00217 +01073;   
+00206 +00199 +01086;   
+00200 +00211 +01086;   
+00206 +00181 +01079;   
+00218 +00211 +01073;   
+00212 +00199 +01086;   
+00235 +00211 +01085;   
+00206 +00211 +01091;   
+00200 +00181 +01073;   
+00206 +00199 +01079;   
+00200 +00211 +01098;   
+00206 +00199 +01067;   
+00194 +00193 +01086;   
+00206 +00205 +01086;   
+00200 +00205 +01086;   
+00206 +00199 +01073;   
+00188 +00205 +01092;   
+00212 +00199 +01086;   
+00212 +00187 +01079;   
+00194 +00181 +01086;   
+00194 +00205 +01098;   
+00212 +00211 +01061;   
+00206 +00222 +01092;   
+00223 +00199 +01079;   
+00212 +00205 +01092;   
+00212 +00205 +01098;   
+00194 +00211 +01098;   
+00206 +00217 +01079;   
+00194 +00205 +01086;   
+00200 +00193 +01086;   
+00212 +00199 +01080;   
+00206 +00199 +01079;   
+00194 +00199 +01093;   
+00188 +00193 +01073;   
+00212 +00222 +01086;   
+00218 +00187 +01086;   
+00229 +00217 +01067;   
+00223 +00205 +01092;   
+00206 +00199 +01079;   
+00206 +00217 +01098;   
+00218 +00193 +01079;   
+00229 +00211 +01079;   
+00200 +00205 +01073;   
+00229 +00193 +01079;   
+00218 +00211 +01086;   
+00200 +00211 +01073;   
+00212 +00181 +01086;   
+00188 +00193 +01085;   
+00200 +00193 +01079;   
+00218 +00205 +01086;   
+00206 +00211 +01086;   
+00200 +00205 +01073;   
+00200 +00205 +01098;   
+00218 +00187 +01066;   
+00212 +00199 +01092;   
+00194 +00193 +01092;   
+00206 +00211 +01086;   
+00212 +00199 +01092;   
+00206 +00211 +01085;   
+00218 +00199 +01092;   
+00212 +00205 +01092;   
+00212 +00217 +01079;   
+00212 +00199 +01086;   
+00241 +00211 +01079;   
+00223 +00211 +01086;   
+00212 +00205 +01079;   
+00206 +00193 +01079;   
+00218 +00199 +01073;   
+00206 +00199 +01092;   
+00212 +00199 +01086;   
+00218 +00199 +01092;   
+00218 +00199 +01073;   
+00206 +00205 +01085;   
+00212 +00205 +01079;   
+00206 +00211 +01079;   
+00218 +00199 +01079;   
+00206 +00211 +01086;   
+00218 +00211 +01098;   
+00212 +00205 +01079;   
+00194 +00199 +01079;   
+00206 +00199 +01067;   
+00200 +00193 +01091;   
+00212 +00181 +01098;   
+00200 +00217 +01086;   
+00194 +00199 +01079;   
+00206 +00181 +01085;   
+00194 +00217 +01085;   
+00218 +00211 +01085;   
+00212 +00205 +01079;   
+00229 +00205 +01073;   
+00212 +00211 +01079;   
+00218 +00187 +01073;   
+00176 +00205 +01086;   
+00212 +00193 +01079;   
+00212 +00193 +01085;   
+00200 +00217 +01098;   
+00206 +00199 +01073;   
+00218 +00205 +01079;   
+00188 +00205 +01085;   
+00194 +00187 +01086;   
+00212 +00199 +01073;   
+00194 +00199 +01086;   
+00200 +00205 +01073;   
+00212 +00199 +01073;   
+00182 +00199 +01073;   
+00212 +00205 +01079;   
+00200 +00199 +01073;   
+00194 +00211 +01085;   
+00206 +00211 +01073;   
+00218 +00199 +01067;   
+00206 +00193 +01073;   
+00206 +00217 +01079;   
+00206 +00193 +01079;   
+00223 +00205 +01073;   
+00206 +00211 +01098;   
+00212 +00181 +01073;   
+00206 +00205 +01086;   
+00194 +00193 +01073;   
+00200 +00199 +01079;   
+00206 +00222 +01073;   
+00223 +00199 +01085;   
+00218 +00205 +01067;   
+00212 +00205 +01073;   
+00218 +00193 +01085;   
+00212 +00205 +01086;   
+00206 +00193 +01079;   
+00188 +00199 +01073;   
+00200 +00211 +01066;   
+00212 +00228 +01092;   
+00212 +00193 +01098;   
+00218 +00199 +01079;   
+00206 +00217 +01092;   
+00212 +00193 +01085;   
+00206 +00199 +01085;   
+00188 +00193 +01079;   
+00194 +00187 +01086;   
+00206 +00211 +01085;   
+00194 +00199 +01085;   
+00188 +00199 +01085;   
+00212 +00205 +01079;   
+00212 +00199 +01066;   
+00212 +00211 +01091;   
+00200 +00199 +01098;   
+00212 +00199 +01073;   
+00212 +00193 +01092;   
+00218 +00199 +01079;   
+00212 +00211 +01079;   
+00206 +00205 +01079;   
+00212 +00181 +01091;   
+00212 +00199 +01060;   
+00212 +00199 +01085;   
+00218 +00181 +01066;   
+00200 +00199 +01073;   
+00194 +00211 +01085;   
+00206 +00211 +01091;   
+00206 +00193 +01079;   
+00206 +00205 +01079;   
+00200 +00211 +01092;   
+00218 +00217 +01073;   
+00200 +00187 +01092;   
+00194 +00211 +01085;   
+00229 +00199 +01079;   
+00200 +00211 +01091;   
+00212 +00199 +01067;   
+00194 +00205 +01085;   
+00206 +00222 +01073;   
+00212 +00199 +01073;   
+00218 +00211 +01073;   
+00218 +00187 +01091;   
+00218 +00211 +01085;   
+00218 +00211 +01085;   
+00212 +00205 +01085;   
+00206 +00217 +01085;   
+00218 +00205 +01085;   
+00212 +00199 +01092;   
+00200 +00211 +01079;   
+00200 +00187 +01091;   
+00212 +00205 +01079;   
+00188 +00205 +01091;   
+00200 +00211 +01085;   
+00194 +00205 +01085;   
+00206 +00211 +01079;   
+00218 +00217 +01085;   
+00200 +00217 +01091;   
+00188 +00199 +01091;   
+00212 +00217 +01079;   
+00200 +00193 +01085;   
+00200 +00217 +01079;   
+00200 +00217 +01085;   
+00212 +00199 +01091;   
+00218 +00222 +01079;   
+00188 +00193 +01085;   
+00218 +00205 +01079;   
+00200 +00199 +01085;   
+00200 +00211 +01079;   
+00218 +00205 +01066;   
+00206 +00181 +01091;   
+00212 +00211 +01091;   
+00223 +00199 +01079;   
+00218 +00187 +01084;   
+00200 +00205 +01079;   
+00200 +00217 +01073;   
+00223 +00175 +01091;   
+00218 +00217 +01097;   
+00212 +00187 +01091;   
+00206 +00222 +01060;   
+00218 +00193 +01079;   
+00200 +00222 +01073;   
+00206 +00193 +01091;   
+00212 +00205 +01098;   
+00194 +00211 +01085;   
+00194 +00199 +01085;   
+00200 +00211 +01079;   
+00194 +00199 +01073;   
+00206 +00187 +01085;   
+00218 +00211 +01079;   
+00206 +00181 +01066;   
+00200 +00211 +01091;   
+00212 +00193 +01085;   
+00218 +00193 +01072;   
+00200 +00205 +01085;   
+00194 +00199 +01079;   
+00218 +00205 +01085;   
+00194 +00199 +01085;   
+00218 +00199 +01078;   
+00212 +00205 +01078;   
+00235 +00205 +01079;   
+00206 +00199 +01079;   
+00200 +00193 +01084;   
+00218 +00193 +01072;   
+00200 +00211 +01091;   
+00194 +00193 +01091;   
+00188 +00205 +01091;   

ddd