+00206 +00892 +00206;   
+00200 +00909 +00206;   
+00218 +00897 +00213;   
+00194 +00886 +00206;   
+00200 +00903 +00213;   
+00206 +00898 +00213;   
+00206 +00898 +00194;   
+00218 +00903 +00194;   
+00194 +00909 +00219;   
+00206 +00886 +00194;   
+00229 +00921 +00200;   
+00212 +00903 +00188;   
+00206 +00903 +00213;   
+00212 +00892 +00206;   
+00206 +00903 +00206;   
+00200 +00909 +00213;   
+00229 +00892 +00219;   
+00194 +00886 +00213;   
+00200 +00909 +00206;   
+00194 +00892 +00200;   
+00218 +00909 +00200;   
+00200 +00909 +00213;   
+00200 +00892 +00194;   
+00188 +00903 +00194;   
+00200 +00880 +00194;   
+00206 +00886 +00200;   
+00218 +00909 +00200;   
+00218 +00892 +00188;   
+00194 +00915 +00200;   
+00206 +00880 +00206;   
+00194 +00903 +00188;   
+00206 +00892 +00206;   
+00200 +00898 +00200;   
+00182 +00886 +00213;   
+00212 +00892 +00188;   
+00194 +00897 +00200;   
+00206 +00903 +00194;   
+00206 +00903 +00219;   
+00206 +00909 +00181;   
+00206 +00898 +00200;   
+00212 +00892 +00200;   
+00177 +00886 +00213;   
+00212 +00903 +00206;   
+00218 +00897 +00188;   
+00212 +00897 +00200;   
+00218 +00921 +00194;   
+00206 +00892 +00200;   
+00206 +00892 +00206;   
+00200 +00898 +00206;   
+00212 +00880 +00225;   
+00200 +00909 +00200;   
+00218 +00898 +00219;   
+00206 +00909 +00213;   
+00218 +00909 +00206;   
+00194 +00903 +00213;   
+00206 +00898 +00206;   
+00200 +00915 +00200;   
+00218 +00903 +00206;   
+00212 +00897 +00200;   
+00212 +00903 +00194;   
+00206 +00909 +00206;   
+00200 +00897 +00194;   
+00206 +00903 +00213;   
+00212 +00898 +00188;   
+00206 +00897 +00200;   
+00212 +00897 +00200;   
+00200 +00897 +00213;   
+00218 +00909 +00194;   
+00212 +00903 +00200;   
+00206 +00886 +00188;   
+00200 +00909 +00200;   
+00200 +00897 +00213;   
+00206 +00903 +00213;   
+00182 +00898 +00194;   
+00212 +00898 +00200;   
+00212 +00898 +00194;   
+00212 +00903 +00200;   
+00188 +00892 +00206;   
+00212 +00886 +00188;   
+00200 +00898 +00200;   
+00218 +00886 +00206;   
+00212 +00909 +00188;   
+00224 +00903 +00206;   
+00206 +00909 +00206;   
+00218 +00903 +00175;   
+00212 +00892 +00200;   
+00200 +00892 +00194;   
+00218 +00903 +00188;   
+00182 +00892 +00206;   
+00194 +00903 +00200;   
+00206 +00886 +00194;   
+00188 +00898 +00200;   
+00212 +00892 +00213;   
+00200 +00886 +00213;   
+00212 +00892 +00188;   
+00212 +00903 +00188;   
+00206 +00903 +00213;   
+00194 +00903 +00213;   
+00200 +00898 +00194;   
+00177 +00897 +00194;   
+00218 +00915 +00181;   
+00206 +00909 +00194;   
+00200 +00903 +00213;   
+00200 +00903 +00188;   
+00212 +00903 +00200;   
+00194 +00903 +00188;   
+00218 +00874 +00194;   
+00206 +00909 +00200;   
+00206 +00892 +00200;   
+00194 +00903 +00200;   
+00212 +00897 +00194;   
+00188 +00909 +00206;   
+00194 +00897 +00206;   
+00200 +00903 +00200;   
+00224 +00909 +00181;   
+00206 +00898 +00194;   
+00218 +00903 +00200;   
+00218 +00903 +00200;   
+00218 +00909 +00200;   
+00206 +00897 +00194;   
+00200 +00886 +00213;   
+00200 +00898 +00194;   
+00200 +00903 +00206;   
+00206 +00897 +00200;   
+00200 +00897 +00194;   
+00218 +00892 +00175;   
+00206 +00903 +00225;   
+00200 +00880 +00200;   
+00200 +00897 +00194;   
+00188 +00921 +00194;   
+00194 +00897 +00200;   
+00212 +00903 +00169;   
+00200 +00903 +00194;   
+00206 +00898 +00206;   
+00206 +00903 +00213;   
+00206 +00880 +00200;   
+00212 +00915 +00194;   
+00218 +00886 +00194;   
+00212 +00909 +00200;   
+00212 +00892 +00194;   
+00212 +00892 +00200;   
+00200 +00903 +00194;   
+00212 +00903 +00213;   
+00206 +00903 +00194;   
+00218 +00903 +00200;   
+00212 +00898 +00188;   
+00212 +00898 +00188;   
+00194 +00903 +00206;   
+00200 +00898 +00194;   
+00200 +00903 +00194;   
+00200 +00909 +00206;   
+00224 +00903 +00200;   
+00188 +00903 +00188;   
+00194 +00903 +00200;   
+00182 +00909 +00213;   
+00200 +00886 +00206;   
+00224 +00897 +00200;   
+00194 +00897 +00194;   
+00218 +00886 +00188;   
+00188 +00886 +00194;   
+00206 +00886 +00206;   
+00206 +00892 +00206;   
+00206 +00903 +00200;   
+00188 +00892 +00200;   
+00206 +00898 +00206;   
+00194 +00886 +00181;   
+00212 +00898 +00200;   
+00200 +00903 +00213;   
+00212 +00892 +00175;   
+00194 +00909 +00200;   
+00212 +00898 +00194;   
+00212 +00909 +00206;   
+00206 +00903 +00194;   
+00206 +00892 +00200;   
+00194 +00898 +00206;   
+00200 +00892 +00200;   
+00200 +00897 +00206;   
+00206 +00903 +00194;   
+00224 +00898 +00213;   
+00200 +00903 +00194;   
+00206 +00886 +00219;   
+00200 +00909 +00219;   
+00218 +00897 +00200;   
+00206 +00892 +00194;   
+00224 +00909 +00194;   
+00212 +00898 +00213;   
+00206 +00903 +00181;   
+00200 +00909 +00213;   
+00194 +00903 +00200;   
+00200 +00903 +00200;   
+00194 +00892 +00200;   
+00200 +00915 +00194;   
+00212 +00903 +00188;   
+00206 +00915 +00200;   
+00206 +00886 +00200;   
+00194 +00892 +00188;   
+00206 +00915 +00200;   
+00194 +00903 +00206;   
+00194 +00898 +00206;   
+00206 +00898 +00206;   
+00200 +00892 +00188;   
+00224 +00903 +00213;   
+00212 +00898 +00219;   
+00188 +00915 +00194;   
+00194 +00898 +00194;   
+00212 +00909 +00194;   
+00194 +00892 +00188;   
+00200 +00903 +00188;   
+00194 +00921 +00194;   
+00194 +00892 +00206;   
+00194 +00903 +00200;   
+00200 +00874 +00188;   
+00206 +00903 +00194;   
+00212 +00903 +00200;   
+00206 +00915 +00200;   
+00206 +00909 +00206;   
+00206 +00880 +00200;   
+00200 +00886 +00206;   
+00229 +00898 +00213;   
+00206 +00886 +00206;   
+00206 +00909 +00206;   
+00200 +00915 +00194;   
+00206 +00909 +00206;   
+00194 +00886 +00194;   
+00200 +00892 +00200;   
+00200 +00892 +00206;   
+00206 +00898 +00213;   
+00200 +00903 +00175;   
+00212 +00903 +00194;   
+00229 +00909 +00213;   
+00200 +00892 +00200;   
+00200 +00915 +00188;   
+00206 +00892 +00200;   
+00200 +00903 +00188;   
+00200 +00915 +00206;   
+00212 +00903 +00194;   
+00194 +00898 +00206;   
+00212 +00898 +00225;   
+00200 +00903 +00200;   
+00206 +00897 +00206;   
+00194 +00903 +00219;   
+00212 +00892 +00200;   
+00200 +00886 +00206;   
+00206 +00915 +00200;   
+00212 +00898 +00200;   
+00200 +00909 +00200;   
+00206 +00886 +00194;   
+00206 +00909 +00188;   
+00194 +00898 +00188;   
+00200 +00909 +00219;   
+00200 +00892 +00188;   
+00212 +00915 +00213;   
+00200 +00903 +00206;   
+00224 +00903 +00188;   
+00212 +00903 +00206;   
+00200 +00886 +00206;   
+00200 +00909 +00194;   
+00212 +00898 +00181;   
+00206 +00903 +00200;   
+00188 +00886 +00169;   
+00194 +00898 +00200;   
+00194 +00903 +00194;   
+00224 +00892 +00206;   
+00194 +00909 +00206;   
+00218 +00898 +00200;   
+00224 +00886 +00206;   
+00212 +00898 +00188;   
+00218 +00892 +00181;   
+00200 +00903 +00194;   
+00200 +00903 +00213;   
+00224 +00903 +00200;   
+00188 +00892 +00181;   
+00212 +00898 +00194;   
+00188 +00892 +00194;   
+00206 +00898 +00200;   
+00188 +00892 +00206;   
+00212 +00892 +00206;   
+00206 +00898 +00194;   
+00212 +00880 +00206;   
+00212 +00898 +00206;   
+00206 +00903 +00206;   
+00218 +00886 +00206;   
+00212 +00909 +00194;   
+00194 +00892 +00194;   
+00206 +00909 +00194;   
+00194 +00903 +00181;   
+00206 +00897 +00200;   
+00188 +00886 +00206;   
+00206 +00892 +00188;   
+00194 +00898 +00206;   
+00224 +00903 +00200;   
+00224 +00915 +00188;   
+00200 +00909 +00213;   
+00206 +00903 +00206;   
+00200 +00892 +00213;   
+00206 +00903 +00206;   
+00206 +00886 +00213;   
+00218 +00892 +00206;   
+00212 +00915 +00206;   
+00212 +00903 +00200;   
+00206 +00909 +00188;   
+00200 +00903 +00200;   
+00200 +00909 +00200;   
+00206 +00898 +00206;   
+00212 +00892 +00194;   
+00194 +00892 +00194;   
+00218 +00898 +00188;   
+00206 +00898 +00206;   
+00200 +00903 +00225;   
+00206 +00915 +00200;   
+00200 +00892 +00188;   
+00200 +00903 +00175;   
+00218 +00897 +00200;   
+00212 +00915 +00200;   
+00200 +00886 +00206;   
+00218 +00892 +00188;   
+00200 +00909 +00206;   
+00194 +00892 +00206;   
+00188 +00921 +00194;   
+00218 +00898 +00200;   
+00206 +00898 +00206;   
+00188 +00909 +00194;   
+00212 +00886 +00200;   
+00200 +00915 +00206;   
+00218 +00886 +00206;   
+00218 +00903 +00194;   
+00212 +00898 +00200;   
+00206 +00909 +00206;   
+00224 +00903 +00194;   
+00224 +00909 +00181;   
+00206 +00898 +00206;   
+00212 +00886 +00188;   
+00200 +00886 +00194;   
+00194 +00898 +00200;   
+00218 +00903 +00206;   
+00218 +00909 +00200;   
+00200 +00909 +00188;   
+00212 +00898 +00213;   
+00212 +00898 +00206;   
+00200 +00921 +00175;   
+00206 +00903 +00200;   
+00194 +00909 +00200;   
+00177 +00880 +00206;   
+00212 +00903 +00200;   
+00200 +00898 +00188;   
+00200 +00880 +00206;   
+00218 +00903 +00181;   
+00206 +00897 +00194;   
+00194 +00892 +00206;   
+00206 +00892 +00188;   
+00200 +00909 +00200;   
+00206 +00898 +00181;   
+00206 +00909 +00194;   
+00206 +00909 +00194;   
+00224 +00898 +00206;   
+00206 +00903 +00213;   
+00194 +00892 +00206;   
+00212 +00903 +00213;   
+00200 +00903 +00181;   
+00206 +00898 +00206;   
+00188 +00892 +00194;   
+00194 +00903 +00194;   
+00200 +00897 +00175;   
+00212 +00898 +00200;   
+00206 +00903 +00206;   
+00218 +00880 +00206;   
+00206 +00898 +00188;   
+00200 +00874 +00200;   
+00218 +00892 +00181;   
+00206 +00897 +00200;   
+00218 +00898 +00194;   
+00194 +00909 +00206;   
+00200 +00886 +00194;   
+00212 +00886 +00200;   
+00206 +00903 +00181;   
+00206 +00892 +00206;   
+00194 +00892 +00175;   
+00200 +00892 +00188;   
+00212 +00915 +00194;   
+00212 +00880 +00200;   
+00218 +00909 +00200;   
+00200 +00903 +00200;   
+00200 +00892 +00188;   
+00212 +00898 +00188;   
+00218 +00892 +00194;   
+00188 +00903 +00206;   
+00200 +00903 +00194;   
+00194 +00909 +00194;   
+00206 +00892 +00206;   
+00194 +00909 +00194;   
+00194 +00903 +00200;   
+00218 +00886 +00188;   
+00212 +00909 +00213;   
+00212 +00898 +00200;   
+00200 +00909 +00206;   
+00194 +00909 +00194;   
+00224 +00886 +00206;   
+00224 +00909 +00188;   
+00200 +00903 +00219;   
+00218 +00909 +00219;   
+00218 +00898 +00194;   
+00229 +00903 +00206;   
+00206 +00915 +00194;   
+00212 +00886 +00200;   
+00218 +00915 +00206;   
+00206 +00898 +00206;   
+00206 +00903 +00188;   
+00194 +00898 +00219;   
+00194 +00898 +00188;   
+00206 +00886 +00194;   
+00206 +00903 +00188;   
+00200 +00903 +00194;   
+00206 +00892 +00206;   
+00206 +00886 +00206;   
+00212 +00892 +00200;   
+00212 +00903 +00194;   
+00212 +00880 +00200;   
+00218 +00903 +00188;   
+00206 +00886 +00194;   
+00206 +00874 +00194;   
+00194 +00909 +00188;   
+00206 +00892 +00200;   
+00218 +00898 +00194;   
+00200 +00903 +00181;   
+00200 +00886 +00175;   
+00194 +00886 +00194;   
+00229 +00880 +00194;   
+00206 +00892 +00181;   
+00229 +00886 +00181;   
+00212 +00880 +00188;   
+00194 +00892 +00175;   
+00200 +00868 +00175;   
+00206 +00886 +00188;   
+00200 +00880 +00169;   
+00206 +00903 +00181;   
+00200 +00874 +00181;   
+00212 +00886 +00188;   
+00200 +00886 +00194;   
+00206 +00909 +00194;   
+00206 +00898 +00188;   
+00212 +00903 +00188;   
+00200 +00892 +00188;   
+00206 +00898 +00188;   
+00200 +00909 +00194;   
+00206 +00886 +00188;   
+00206 +00903 +00200;   
+00200 +00898 +00194;   
+00206 +00886 +00188;   
+00218 +00892 +00194;   
+00212 +00880 +00188;   
+00200 +00898 +00194;   
+00200 +00903 +00200;   
+00224 +00892 +00194;   
+00200 +00898 +00188;   
+00200 +00892 +00200;   
+00212 +00892 +00188;   
+00188 +00898 +00200;   
+00218 +00903 +00194;   
+00224 +00892 +00175;   
+00212 +00886 +00188;   
+00218 +00903 +00200;   
+00200 +00880 +00188;   
+00206 +00880 +00188;   
+00212 +00898 +00200;   
+00224 +00892 +00194;   
+00212 +00898 +00194;   
+00218 +00880 +00188;   
+00200 +00921 +00200;   
+00206 +00886 +00188;   
+00188 +00880 +00188;   
+00212 +00903 +00194;   
+00218 +00898 +00213;   
+00188 +00898 +00181;   
+00200 +00886 +00200;   
+00212 +00898 +00194;   
+00212 +00903 +00194;   
+00206 +00880 +00188;   
+00212 +00903 +00169;   
+00212 +00892 +00194;   
+00229 +00892 +00188;   
+00224 +00903 +00181;   
+00200 +00886 +00181;   
+00182 +00886 +00188;   
+00182 +00898 +00181;   
+00206 +00892 +00200;   
+00212 +00880 +00200;   
+00194 +00898 +00175;   
+00206 +00886 +00206;   
+00218 +00886 +00194;   
+00218 +00909 +00200;   
+00206 +00886 +00194;   
+00212 +00880 +00200;   
+00218 +00909 +00194;   
+00212 +00892 +00194;   
+00212 +00898 +00194;   
+00200 +00903 +00213;   
+00194 +00880 +00200;   
+00218 +00880 +00188;   
+00212 +00898 +00200;   
+00218 +00909 +00181;   
+00212 +00903 +00213;   
+00194 +00898 +00206;   
+00218 +00898 +00206;   
+00206 +00898 +00188;   
+00200 +00903 +00175;   
+00188 +00892 +00188;   
+00200 +00898 +00200;   
+00206 +00903 +00181;   
+00206 +00892 +00194;   
+00194 +00903 +00169;   
+00200 +00886 +00175;   
+00194 +00903 +00194;   
+00206 +00898 +00206;   
+00194 +00898 +00194;   
+00212 +00898 +00206;   
+00188 +00886 +00188;   
+00200 +00915 +00194;   
+00212 +00892 +00194;   
+00200 +00898 +00181;   
+00206 +00898 +00213;   
+00218 +00886 +00200;   
+00206 +00892 +00188;   
+00212 +00903 +00206;   
+00206 +00892 +00194;   
+00194 +00892 +00200;   
+00200 +00886 +00194;   
+00212 +00903 +00194;   
+00218 +00903 +00188;   
+00206 +00909 +00188;   
+00229 +00892 +00181;   
+00212 +00880 +00188;   
+00212 +00898 +00181;   
+00212 +00886 +00194;   
+00206 +00880 +00194;   
+00206 +00903 +00181;   
+00218 +00903 +00194;   
+00218 +00903 +00200;   
+00212 +00880 +00175;   
+00212 +00898 +00206;   
+00218 +00892 +00194;   
+00218 +00903 +00194;   
+00200 +00909 +00181;   
+00194 +00892 +00194;   
+00218 +00903 +00200;   
+00200 +00898 +00194;   
+00212 +00898 +00194;   
+00206 +00892 +00188;   
+00229 +00898 +00188;   
+00177 +00909 +00200;   
+00206 +00880 +00188;   
+00224 +00886 +00194;   
+00200 +00903 +00188;   
+00218 +00886 +00188;   
+00200 +00903 +00181;   
+00212 +00880 +00169;   
+00206 +00898 +00200;   
+00206 +00892 +00188;   
+00194 +00880 +00194;   
+00200 +00903 +00181;   
+00224 +00880 +00194;   
+00200 +00892 +00188;   
+00224 +00886 +00194;   
+00200 +00903 +00188;   
+00200 +00886 +00194;   
+00188 +00892 +00181;   
+00200 +00898 +00206;   
+00206 +00892 +00169;   
+00229 +00898 +00200;   
+00212 +00880 +00181;   
+00194 +00892 +00200;   
+00200 +00898 +00200;   
+00218 +00880 +00181;   
+00182 +00886 +00200;   
+00218 +00898 +00181;   
+00200 +00892 +00181;   
+00212 +00903 +00175;   

ddd
