+00194 -00306 +00218;   
+00206 -00311 +00193;   
+00194 -00311 +00212;   
+00206 -00317 +00199;   
+00188 -00323 +00199;   
+00194 -00317 +00212;   
+00200 -00317 +00199;   
+00194 -00323 +00212;   
+00182 -00306 +00206;   
+00171 -00317 +00199;   
+00194 -00317 +00199;   
+00218 -00311 +00206;   
+00182 -00329 +00212;   
+00194 -00306 +00193;   
+00206 -00323 +00212;   
+00200 -00306 +00212;   
+00200 -00317 +00212;   
+00194 -00311 +00212;   
+00182 -00311 +00218;   
+00188 -00306 +00193;   
+00188 -00306 +00212;   
+00188 -00317 +00199;   
+00194 -00335 +00199;   
+00194 -00317 +00230;   
+00194 -00306 +00193;   
+00212 -00323 +00199;   
+00182 -00311 +00187;   
+00194 -00306 +00212;   
+00200 -00306 +00212;   
+00176 -00306 +00193;   
+00176 -00317 +00218;   
+00200 -00306 +00224;   
+00188 -00306 +00212;   
+00218 -00323 +00205;   
+00218 -00311 +00206;   
+00200 -00311 +00206;   
+00194 -00323 +00218;   
+00188 -00306 +00212;   
+00194 -00311 +00218;   
+00188 -00306 +00230;   
+00206 -00311 +00199;   
+00200 -00329 +00212;   
+00188 -00311 +00199;   
+00182 -00311 +00206;   
+00188 -00311 +00206;   
+00194 -00317 +00206;   
+00188 -00329 +00205;   
+00194 -00317 +00218;   
+00206 -00306 +00212;   
+00188 -00306 +00224;   
+00182 -00300 +00224;   
+00212 -00317 +00218;   
+00194 -00311 +00199;   
+00194 -00311 +00199;   
+00206 -00311 +00206;   
+00200 -00317 +00199;   
+00206 -00329 +00218;   
+00194 -00306 +00199;   
+00200 -00300 +00206;   
+00200 -00306 +00212;   
+00176 -00306 +00212;   
+00200 -00300 +00199;   
+00200 -00306 +00212;   
+00194 -00311 +00212;   
+00206 -00335 +00206;   
+00188 -00300 +00193;   
+00218 -00306 +00218;   
+00206 -00317 +00206;   
+00194 -00323 +00187;   
+00194 -00323 +00206;   
+00206 -00317 +00193;   
+00206 -00317 +00205;   
+00206 -00306 +00199;   
+00212 -00300 +00205;   
+00212 -00317 +00212;   
+00200 -00300 +00218;   
+00194 -00317 +00212;   
+00206 -00311 +00199;   
+00176 -00311 +00199;   
+00194 -00300 +00212;   
+00188 -00323 +00212;   
+00206 -00317 +00212;   
+00200 -00323 +00212;   
+00188 -00317 +00206;   
+00194 -00306 +00199;   
+00212 -00311 +00199;   
+00194 -00306 +00205;   
+00206 -00306 +00187;   
+00200 -00311 +00205;   
+00200 -00317 +00224;   
+00194 -00311 +00212;   
+00200 -00317 +00212;   
+00188 -00335 +00212;   
+00194 -00300 +00199;   
+00206 -00311 +00218;   
+00194 -00329 +00218;   
+00206 -00317 +00212;   
+00206 -00311 +00199;   
+00212 -00306 +00187;   
+00194 -00311 +00218;   
+00182 -00311 +00212;   
+00200 -00300 +00205;   
+00206 -00317 +00212;   
+00218 -00306 +00224;   
+00194 -00317 +00199;   
+00212 -00306 +00212;   
+00206 -00317 +00206;   
+00188 -00317 +00206;   
+00182 -00300 +00212;   
+00206 -00306 +00218;   
+00212 -00317 +00205;   
+00200 -00311 +00230;   
+00194 -00317 +00199;   
+00194 -00300 +00199;   
+00182 -00323 +00199;   
+00194 -00311 +00230;   
+00188 -00306 +00187;   
+00200 -00306 +00206;   
+00194 -00306 +00212;   
+00212 -00317 +00212;   
+00200 -00317 +00212;   
+00200 -00306 +00218;   
+00188 -00317 +00205;   
+00206 -00335 +00206;   
+00206 -00323 +00199;   
+00200 -00294 +00199;   
+00188 -00323 +00206;   
+00188 -00306 +00212;   
+00194 -00306 +00193;   
+00212 -00311 +00206;   
+00212 -00323 +00199;   
+00188 -00311 +00193;   
+00194 -00311 +00199;   
+00206 -00300 +00206;   
+00171 -00306 +00212;   
+00206 -00329 +00199;   
+00206 -00306 +00199;   
+00194 -00317 +00212;   
+00188 -00317 +00206;   
+00176 -00317 +00212;   
+00182 -00317 +00224;   
+00212 -00317 +00218;   
+00200 -00329 +00206;   
+00171 -00311 +00212;   
+00200 -00300 +00199;   
+00212 -00317 +00212;   
+00188 -00294 +00193;   
+00212 -00317 +00218;   
+00188 -00311 +00206;   
+00194 -00311 +00224;   
+00176 -00306 +00187;   
+00188 -00311 +00206;   
+00206 -00317 +00218;   
+00206 -00317 +00199;   
+00200 -00323 +00224;   
+00176 -00317 +00212;   
+00206 -00306 +00218;   
+00194 -00311 +00218;   
+00188 -00317 +00212;   
+00206 -00306 +00193;   
+00212 -00311 +00199;   
+00200 -00300 +00206;   
+00206 -00329 +00212;   
+00194 -00294 +00212;   
+00182 -00306 +00206;   
+00200 -00335 +00206;   
+00206 -00306 +00212;   
+00200 -00306 +00212;   
+00194 -00323 +00212;   
+00206 -00323 +00206;   
+00200 -00311 +00212;   
+00200 -00311 +00206;   
+00212 -00323 +00212;   
+00182 -00311 +00206;   
+00194 -00306 +00199;   
+00194 -00311 +00199;   
+00182 -00300 +00193;   
+00200 -00323 +00206;   
+00188 -00300 +00212;   
+00182 -00317 +00218;   
+00194 -00317 +00199;   
+00212 -00317 +00206;   
+00182 -00306 +00212;   
+00176 -00306 +00206;   
+00206 -00317 +00212;   
+00206 -00306 +00212;   
+00200 -00323 +00212;   
+00194 -00306 +00199;   
+00188 -00317 +00212;   
+00206 -00335 +00218;   
+00206 -00294 +00206;   
+00188 -00311 +00193;   
+00188 -00311 +00199;   
+00182 -00317 +00212;   
+00206 -00329 +00212;   
+00194 -00323 +00206;   
+00206 -00306 +00212;   
+00200 -00294 +00237;   
+00188 -00306 +00218;   
+00218 -00311 +00206;   
+00194 -00294 +00193;   
+00206 -00323 +00212;   
+00188 -00311 +00206;   
+00194 -00311 +00212;   
+00212 -00323 +00193;   
+00206 -00311 +00218;   
+00212 -00311 +00206;   
+00206 -00317 +00205;   
+00176 -00323 +00199;   
+00206 -00306 +00193;   
+00182 -00329 +00199;   
+00200 -00323 +00212;   
+00188 -00306 +00193;   
+00206 -00311 +00193;   
+00212 -00306 +00193;   
+00194 -00311 +00206;   
+00206 -00294 +00212;   
+00188 -00311 +00212;   
+00188 -00311 +00212;   
+00206 -00311 +00218;   
+00188 -00317 +00199;   
+00188 -00317 +00199;   
+00176 -00311 +00212;   
+00206 -00323 +00212;   
+00188 -00317 +00212;   
+00200 -00317 +00205;   
+00188 -00300 +00206;   
+00206 -00323 +00187;   
+00206 -00335 +00206;   
+00188 -00317 +00206;   
+00188 -00317 +00206;   
+00194 -00317 +00212;   
+00200 -00323 +00206;   
+00194 -00317 +00199;   
+00182 -00317 +00193;   
+00200 -00317 +00206;   
+00182 -00311 +00206;   
+00235 -00311 +00218;   
+00206 -00317 +00199;   
+00194 -00306 +00218;   
+00218 -00323 +00206;   
+00212 -00300 +00187;   
+00212 -00329 +00206;   
+00200 -00311 +00212;   
+00182 -00329 +00212;   
+00188 -00317 +00193;   
+00194 -00311 +00199;   
+00200 -00311 +00206;   
+00200 -00317 +00212;   
+00188 -00311 +00206;   
+00206 -00317 +00206;   
+00218 -00300 +00218;   
+00188 -00311 +00212;   
+00200 -00323 +00206;   
+00194 -00300 +00206;   
+00218 -00329 +00199;   
+00206 -00323 +00218;   
+00218 -00311 +00212;   
+00194 -00306 +00205;   
+00188 -00329 +00199;   
+00206 -00317 +00206;   
+00206 -00311 +00212;   
+00182 -00317 +00206;   
+00200 -00311 +00218;   
+00206 -00311 +00212;   
+00206 -00306 +00212;   
+00206 -00317 +00212;   
+00212 -00300 +00206;   
+00212 -00335 +00193;   
+00188 -00306 +00199;   
+00200 -00317 +00187;   
+00200 -00311 +00206;   
+00206 -00306 +00206;   
+00176 -00317 +00218;   
+00223 -00317 +00199;   
+00206 -00311 +00199;   
+00194 -00306 +00199;   
+00206 -00294 +00212;   
+00206 -00329 +00218;   
+00212 -00323 +00206;   
+00182 -00323 +00206;   
+00200 -00323 +00205;   
+00229 -00306 +00224;   
+00194 -00311 +00193;   
+00200 -00306 +00218;   
+00194 -00300 +00187;   
+00182 -00311 +00212;   
+00188 -00300 +00212;   
+00200 -00317 +00212;   
+00206 -00306 +00206;   
+00200 -00306 +00206;   
+00194 -00306 +00193;   
+00200 -00294 +00212;   
+00194 -00323 +00199;   
+00200 -00306 +00212;   
+00194 -00311 +00212;   
+00194 -00317 +00205;   
+00200 -00317 +00212;   
+00194 -00329 +00224;   
+00194 -00294 +00193;   
+00218 -00311 +00212;   
+00200 -00323 +00199;   
+00194 -00317 +00205;   
+00194 -00306 +00212;   
+00188 -00294 +00206;   
+00182 -00311 +00205;   
+00188 -00294 +00224;   
+00188 -00311 +00206;   
+00188 -00335 +00187;   
+00182 -00300 +00212;   
+00223 -00300 +00193;   
+00218 -00323 +00212;   
+00188 -00311 +00187;   
+00206 -00306 +00206;   
+00194 -00323 +00199;   
+00200 -00317 +00199;   
+00212 -00323 +00187;   
+00194 -00306 +00199;   
+00176 -00329 +00199;   
+00206 -00329 +00212;   
+00206 -00306 +00212;   
+00223 -00311 +00212;   
+00212 -00300 +00224;   
+00188 -00335 +00199;   
+00212 -00311 +00212;   
+00206 -00306 +00206;   
+00206 -00317 +00205;   
+00200 -00311 +00206;   
+00188 -00329 +00187;   
+00200 -00311 +00212;   
+00200 -00311 +00218;   
+00188 -00300 +00199;   
+00182 -00311 +00230;   
+00188 -00329 +00206;   
+00188 -00317 +00199;   
+00218 -00311 +00206;   
+00212 -00317 +00218;   
+00194 -00306 +00212;   
+00194 -00306 +00193;   
+00194 -00311 +00212;   
+00200 -00317 +00205;   
+00182 -00311 +00218;   
+00194 -00323 +00212;   
+00206 -00323 +00218;   
+00206 -00317 +00212;   
+00194 -00317 +00205;   
+00218 -00311 +00199;   
+00206 -00300 +00206;   
+00212 -00329 +00212;   
+00206 -00311 +00212;   
+00165 -00311 +00212;   
+00194 -00317 +00212;   
+00194 -00323 +00205;   
+00223 -00311 +00206;   
+00206 -00306 +00212;   
+00182 -00329 +00212;   
+00194 -00329 +00193;   
+00188 -00306 +00206;   
+00188 -00311 +00212;   
+00194 -00306 +00212;   
+00206 -00323 +00212;   
+00194 -00323 +00212;   
+00200 -00317 +00205;   
+00194 -00323 +00212;   
+00200 -00311 +00218;   
+00194 -00311 +00205;   
+00194 -00311 +00205;   
+00182 -00311 +00206;   
+00200 -00311 +00224;   
+00182 -00306 +00206;   
+00206 -00323 +00212;   
+00200 -00311 +00205;   
+00182 -00323 +00205;   
+00206 -00317 +00218;   
+00194 -00311 +00206;   
+00212 -00300 +00212;   
+00218 -00317 +00212;   
+00200 -00317 +00205;   
+00200 -00300 +00218;   
+00200 -00311 +00193;   
+00200 -00329 +00212;   
+00218 -00306 +00218;   
+00188 -00311 +00206;   
+00194 -00323 +00193;   
+00212 -00311 +00187;   
+00212 -00311 +00199;   
+00200 -00323 +00206;   
+00212 -00311 +00205;   
+00212 -00335 +00199;   
+00200 -00317 +00193;   
+00206 -00317 +00206;   
+00200 -00317 +00205;   
+00188 -00306 +00218;   
+00188 -00311 +00206;   
+00182 -00311 +00193;   
+00188 -00323 +00193;   
+00212 -00300 +00206;   
+00212 -00323 +00206;   
+00194 -00317 +00212;   
+00194 -00300 +00199;   
+00212 -00317 +00218;   
+00200 -00300 +00212;   
+00200 -00311 +00193;   
+00200 -00311 +00193;   
+00200 -00306 +00199;   
+00176 -00317 +00199;   
+00194 -00311 +00206;   
+00218 -00323 +00193;   
+00206 -00323 +00212;   
+00182 -00317 +00212;   
+00200 -00323 +00218;   
+00188 -00317 +00218;   
+00176 -00306 +00224;   
+00194 -00329 +00218;   
+00194 -00311 +00199;   
+00212 -00300 +00212;   
+00200 -00329 +00218;   
+00206 -00311 +00193;   
+00188 -00317 +00205;   
+00194 -00311 +00206;   
+00212 -00317 +00193;   
+00212 -00300 +00193;   
+00194 -00311 +00181;   
+00212 -00317 +00199;   
+00223 -00311 +00212;   
+00206 -00300 +00206;   
+00200 -00317 +00212;   
+00218 -00300 +00193;   
+00188 -00311 +00193;   
+00200 -00317 +00206;   
+00182 -00300 +00206;   
+00218 -00323 +00193;   
+00212 -00311 +00193;   
+00206 -00311 +00212;   
+00194 -00323 +00206;   
+00218 -00323 +00212;   
+00182 -00317 +00212;   
+00223 -00323 +00199;   
+00229 -00306 +00199;   
+00200 -00317 +00218;   
+00182 -00294 +00212;   
+00188 -00323 +00212;   
+00188 -00311 +00206;   
+00194 -00294 +00205;   
+00206 -00323 +00218;   
+00188 -00317 +00218;   
+00206 -00323 +00206;   
+00218 -00329 +00199;   
+00200 -00294 +00193;   
+00212 -00306 +00218;   
+00176 -00317 +00199;   
+00188 -00294 +00205;   
+00194 -00317 +00199;   
+00194 -00317 +00193;   
+00229 -00306 +00199;   
+00188 -00317 +00206;   
+00206 -00311 +00218;   
+00194 -00294 +00212;   
+00194 -00317 +00218;   
+00218 -00311 +00206;   
+00212 -00323 +00205;   
+00194 -00306 +00193;   
+00206 -00311 +00206;   
+00182 -00306 +00187;   
+00182 -00306 +00193;   
+00194 -00306 +00206;   
+00194 -00311 +00199;   
+00182 -00317 +00193;   
+00206 -00311 +00206;   
+00200 -00317 +00206;   
+00188 -00300 +00205;   
+00223 -00323 +00205;   
+00200 -00311 +00193;   
+00182 -00306 +00199;   
+00200 -00317 +00199;   
+00206 -00317 +00218;   
+00206 -00306 +00199;   
+00188 -00317 +00205;   
+00218 -00311 +00206;   
+00200 -00317 +00199;   
+00200 -00294 +00199;   
+00182 -00329 +00199;   
+00176 -00306 +00199;   
+00188 -00317 +00206;   
+00188 -00323 +00193;   
+00194 -00306 +00206;   
+00206 -00306 +00212;   
+00188 -00317 +00199;   
+00206 -00300 +00193;   
+00200 -00317 +00218;   
+00194 -00323 +00218;   
+00200 -00306 +00205;   
+00194 -00323 +00199;   
+00212 -00300 +00199;   
+00212 -00317 +00212;   
+00182 -00294 +00205;   
+00176 -00300 +00218;   
+00206 -00329 +00193;   
+00194 -00317 +00218;   
+00182 -00306 +00193;   
+00194 -00323 +00212;   
+00176 -00311 +00193;   
+00206 -00311 +00224;   
+00206 -00335 +00206;   
+00194 -00317 +00205;   
+00194 -00311 +00193;   
+00194 -00317 +00199;   
+00200 -00311 +00193;   
+00206 -00300 +00218;   
+00194 -00323 +00206;   
+00194 -00317 +00212;   
+00194 -00317 +00205;   
+00200 -00323 +00206;   
+00206 -00311 +00212;   
+00194 -00323 +00205;   
+00200 -00294 +00218;   
+00200 -00311 +00187;   
+00188 -00329 +00205;   
+00188 -00300 +00212;   
+00212 -00323 +00187;   
+00194 -00311 +00206;   
+00206 -00311 +00212;   
+00176 -00323 +00212;   
+00194 -00317 +00212;   
+00188 -00317 +00199;   
+00200 -00311 +00206;   
+00200 -00306 +00199;   
+00188 -00317 +00224;   
+00212 -00311 +00212;   
+00212 -00317 +00206;   
+00200 -00317 +00206;   
+00200 -00329 +00212;   
+00200 -00311 +00206;   
+00194 -00300 +00199;   
+00188 -00323 +00206;   
+00182 -00300 +00205;   
+00200 -00306 +00224;   
+00194 -00329 +00212;   
+00182 -00306 +00224;   
+00223 -00341 +00199;   
+00212 -00323 +00206;   
+00212 -00306 +00199;   
+00200 -00323 +00199;   
+00194 -00311 +00212;   
+00188 -00306 +00206;   
+00206 -00306 +00206;   
+00188 -00311 +00206;   
+00212 -00323 +00199;   
+00223 -00306 +00224;   
+00206 -00294 +00212;   
+00206 -00300 +00205;   
+00194 -00329 +00218;   
+00182 -00306 +00206;   
+00194 -00329 +00199;   
+00200 -00311 +00206;   
+00206 -00311 +00199;   
+00206 -00311 +00199;   
+00194 -00300 +00199;   
+00194 -00294 +00193;   
+00206 -00323 +00187;   
+00188 -00294 +00218;   
+00188 -00306 +00199;   
+00200 -00311 +00212;   
+00182 -00300 +00199;   
+00182 -00317 +00193;   
+00206 -00317 +00205;   
+00212 -00306 +00205;   
+00194 -00317 +00206;   
+00206 -00323 +00212;   
+00176 -00311 +00212;   
+00182 -00306 +00206;   
+00194 -00311 +00199;   
+00206 -00317 +00206;   
+00188 -00311 +00212;   
+00194 -00323 +00224;   
+00218 -00323 +00206;   
+00206 -00323 +00199;   
+00212 -00317 +00230;   
+00206 -00317 +00193;  

ddd 
