+00194 +00217 -00087;   
+00200 +00228 -00081;   
+00206 +00228 -00075;   
+00194 +00217 -00075;   
+00188 +00217 -00087;   
+00206 +00211 -00075;   
+00206 +00222 -00056;   
+00212 +00217 -00087;   
+00206 +00217 -00068;   
+00188 +00228 -00075;   
+00200 +00217 -00087;   
+00194 +00217 -00062;   
+00212 +00217 -00081;   
+00194 +00222 -00087;   
+00194 +00199 -00093;   
+00188 +00217 -00068;   
+00182 +00222 -00087;   
+00194 +00222 -00087;   
+00188 +00222 -00068;   
+00206 +00199 -00081;   
+00200 +00228 -00068;   
+00206 +00217 -00075;   
+00200 +00199 -00081;   
+00200 +00205 -00100;   
+00212 +00217 -00075;   
+00212 +00211 -00075;   
+00182 +00217 -00081;   
+00182 +00222 -00075;   
+00194 +00199 -00100;   
+00200 +00217 -00081;   
+00188 +00211 -00093;   
+00182 +00217 -00075;   
+00206 +00228 -00081;   
+00212 +00199 -00081;   
+00206 +00211 -00081;   
+00206 +00234 -00075;   
+00194 +00222 -00062;   
+00200 +00205 -00087;   
+00200 +00205 -00075;   
+00194 +00222 -00087;   
+00194 +00199 -00087;   
+00177 +00222 -00075;   
+00182 +00222 -00087;   
+00182 +00217 -00081;   
+00188 +00222 -00087;   
+00200 +00222 -00081;   
+00206 +00217 -00093;   
+00194 +00211 -00075;   
+00194 +00240 -00087;   
+00194 +00205 -00075;   
+00194 +00217 -00075;   
+00194 +00217 -00087;   
+00188 +00205 -00093;   
+00206 +00211 -00087;   
+00200 +00199 -00081;   
+00182 +00217 -00062;   
+00177 +00217 -00081;   
+00206 +00217 -00087;   
+00188 +00217 -00075;   
+00188 +00217 -00075;   
+00206 +00217 -00081;   
+00206 +00228 -00062;   
+00177 +00222 -00081;   
+00212 +00211 -00081;   
+00206 +00222 -00075;   
+00194 +00228 -00068;   
+00182 +00205 -00068;   
+00194 +00211 -00081;   
+00200 +00222 -00081;   
+00206 +00211 -00075;   
+00200 +00222 -00087;   
+00194 +00205 -00068;   
+00200 +00217 -00075;   
+00194 +00222 -00087;   
+00194 +00211 -00075;   
+00212 +00217 -00087;   
+00218 +00217 -00100;   
+00182 +00217 -00087;   
+00194 +00211 -00100;   
+00194 +00217 -00081;   
+00182 +00205 -00087;   
+00194 +00228 -00087;   
+00200 +00228 -00081;   
+00188 +00228 -00075;   
+00188 +00217 -00075;   
+00188 +00228 -00081;   
+00206 +00211 -00081;   
+00188 +00234 -00075;   
+00194 +00228 -00068;   
+00200 +00222 -00062;   
+00188 +00228 -00081;   
+00188 +00228 -00068;   
+00200 +00228 -00068;   
+00212 +00228 -00075;   
+00188 +00217 -00050;   
+00188 +00234 -00075;   
+00212 +00217 -00056;   
+00188 +00228 -00068;   
+00188 +00234 -00068;   
+00200 +00217 -00081;   
+00206 +00228 -00050;   
+00177 +00246 -00075;   
+00200 +00222 -00081;   
+00194 +00222 -00081;   
+00212 +00234 -00068;   
+00200 +00222 -00075;   
+00194 +00222 -00062;   
+00171 +00228 -00081;   
+00194 +00228 -00075;   
+00194 +00228 -00068;   
+00200 +00222 -00068;   
+00200 +00222 -00068;   
+00212 +00234 -00068;   
+00200 +00222 -00075;   
+00194 +00217 -00087;   
+00188 +00222 -00075;   
+00194 +00205 -00087;   
+00194 +00234 -00068;   
+00200 +00222 -00087;   
+00206 +00228 -00068;   
+00200 +00222 -00075;   
+00194 +00217 -00087;   
+00182 +00222 -00087;   
+00200 +00222 -00075;   
+00200 +00222 -00062;   
+00200 +00222 -00062;   
+00182 +00240 -00075;   
+00200 +00222 -00075;   
+00188 +00217 -00068;   
+00194 +00246 -00062;   
+00200 +00222 -00068;   
+00235 +00222 -00081;   
+00188 +00228 -00075;   
+00194 +00217 -00081;   
+00218 +00234 -00068;   
+00194 +00240 -00075;   
+00194 +00217 -00068;   
+00182 +00240 -00075;   
+00206 +00234 -00068;   
+00212 +00217 -00068;   
+00200 +00228 -00056;   
+00212 +00228 -00068;   
+00182 +00217 -00075;   
+00200 +00234 -00075;   
+00200 +00222 -00075;   
+00194 +00222 -00062;   
+00194 +00217 -00075;   
+00200 +00228 -00081;   
+00177 +00211 -00081;   
+00200 +00228 -00075;   
+00200 +00228 -00075;   
+00182 +00228 -00056;   
+00200 +00234 -00068;   
+00177 +00222 -00087;   
+00194 +00211 -00075;   
+00177 +00240 -00075;   
+00212 +00228 -00075;   
+00188 +00234 -00056;   
+00206 +00240 -00068;   
+00188 +00228 -00068;   
+00212 +00222 -00075;   
+00200 +00234 -00075;   
+00188 +00222 -00075;   
+00194 +00217 -00075;   
+00212 +00240 -00068;   
+00200 +00217 -00068;   
+00194 +00211 -00075;   
+00188 +00246 -00081;   
+00218 +00217 -00075;   
+00194 +00217 -00081;   
+00194 +00222 -00075;   
+00200 +00240 -00081;   
+00194 +00234 -00081;   
+00194 +00222 -00068;   
+00188 +00217 -00081;   
+00206 +00234 -00081;   
+00200 +00205 -00068;   
+00206 +00222 -00068;   
+00212 +00228 -00068;   
+00212 +00222 -00068;   
+00188 +00222 -00068;   
+00200 +00222 -00093;   
+00206 +00228 -00081;   
+00177 +00222 -00068;   
+00212 +00234 -00068;   
+00194 +00228 -00093;   
+00194 +00228 -00068;   
+00182 +00228 -00062;   
+00188 +00246 -00075;   
+00200 +00217 -00081;   
+00194 +00234 -00075;   
+00188 +00217 -00081;   
+00194 +00234 -00062;   
+00212 +00234 -00075;   
+00194 +00234 -00062;   
+00206 +00246 -00081;   
+00206 +00228 -00081;   
+00182 +00222 -00068;   
+00200 +00217 -00068;   
+00188 +00222 -00075;   
+00200 +00234 -00062;   
+00212 +00222 -00056;   
+00212 +00217 -00075;   
+00188 +00228 -00062;   
+00188 +00234 -00062;   
+00218 +00217 -00075;   
+00200 +00246 -00075;   
+00200 +00211 -00068;   
+00177 +00234 -00093;   
+00194 +00228 -00075;   
+00218 +00211 -00075;   
+00206 +00240 -00062;   
+00188 +00234 -00062;   
+00200 +00222 -00081;   
+00194 +00228 -00087;   
+00200 +00228 -00087;   
+00200 +00228 -00062;   
+00200 +00228 -00056;   
+00188 +00217 -00081;   
+00206 +00222 -00093;   
+00212 +00205 -00081;   
+00188 +00222 -00075;   
+00165 +00228 -00075;   
+00194 +00222 -00068;   
+00194 +00234 -00056;   
+00206 +00240 -00081;   
+00194 +00211 -00081;   
+00177 +00228 -00081;   
+00212 +00234 -00075;   
+00182 +00240 -00075;   
+00177 +00211 -00062;   
+00194 +00222 -00075;   
+00188 +00234 -00068;   
+00200 +00240 -00075;   
+00194 +00222 -00081;   
+00200 +00228 -00081;   
+00200 +00217 -00068;   
+00182 +00234 -00068;   
+00177 +00234 -00068;   
+00182 +00228 -00081;   
+00212 +00222 -00068;   
+00206 +00217 -00075;   
+00200 +00228 -00093;   
+00188 +00228 -00087;   
+00212 +00228 -00062;   
+00182 +00240 -00081;   
+00194 +00228 -00075;   
+00194 +00228 -00081;   
+00206 +00228 -00068;   
+00188 +00222 -00081;   
+00200 +00228 -00081;   
+00194 +00234 -00062;   
+00194 +00228 -00075;   
+00188 +00217 -00056;   
+00188 +00228 -00087;   
+00188 +00211 -00068;   
+00200 +00234 -00075;   
+00200 +00234 -00075;   
+00188 +00217 -00075;   
+00188 +00211 -00068;   
+00182 +00246 -00081;   
+00200 +00217 -00087;   
+00194 +00217 -00062;   
+00188 +00228 -00068;   
+00200 +00258 -00068;   
+00182 +00217 -00062;   
+00194 +00222 -00062;   
+00194 +00217 -00068;   
+00194 +00228 -00068;   
+00194 +00217 -00075;   
+00194 +00222 -00056;   
+00200 +00234 -00081;   
+00194 +00217 -00056;   
+00212 +00222 -00081;   
+00194 +00228 -00068;   
+00182 +00222 -00075;   
+00194 +00246 -00062;   
+00218 +00228 -00062;   
+00194 +00234 -00075;   
+00200 +00222 -00056;   
+00182 +00228 -00062;   
+00212 +00228 -00081;   
+00188 +00228 -00062;   
+00194 +00228 -00068;   
+00212 +00217 -00056;   
+00206 +00217 -00081;   
+00200 +00211 -00068;   
+00194 +00240 -00068;   
+00194 +00240 -00081;   
+00188 +00217 -00081;   
+00194 +00228 -00062;   
+00206 +00234 -00068;   
+00200 +00228 -00056;   
+00206 +00240 -00068;   
+00200 +00222 -00081;   
+00194 +00222 -00081;   
+00206 +00240 -00075;   
+00188 +00234 -00087;   
+00188 +00222 -00062;   
+00194 +00222 -00068;   
+00194 +00217 -00075;   
+00212 +00222 -00062;   
+00177 +00228 -00068;   
+00200 +00234 -00056;   
+00188 +00228 -00075;   
+00194 +00205 -00056;   
+00206 +00252 -00087;   
+00200 +00234 -00081;   
+00200 +00228 -00081;   
+00200 +00222 -00075;   
+00206 +00228 -00068;   
+00188 +00211 -00081;   
+00206 +00228 -00062;   
+00200 +00222 -00068;   
+00200 +00217 -00075;   
+00200 +00246 -00062;   
+00206 +00222 -00068;   
+00200 +00228 -00068;   
+00194 +00228 -00068;   
+00206 +00217 -00075;   
+00206 +00234 -00062;   
+00188 +00240 -00068;   
+00188 +00222 -00056;   
+00182 +00240 -00081;   
+00194 +00228 -00062;   
+00194 +00222 -00081;   
+00200 +00222 -00081;   
+00188 +00222 -00068;   
+00206 +00228 -00068;   
+00188 +00222 -00081;   
+00182 +00228 -00075;   
+00206 +00228 -00062;   
+00200 +00211 -00068;   
+00194 +00234 -00081;   
+00188 +00234 -00062;   
+00194 +00222 -00062;   
+00194 +00234 -00075;   
+00206 +00240 -00081;   
+00200 +00211 -00068;   
+00188 +00228 -00068;   
+00200 +00217 -00068;   
+00200 +00228 -00075;   
+00182 +00228 -00068;   
+00206 +00228 -00068;   
+00200 +00240 -00075;   
+00194 +00222 -00062;   
+00188 +00222 -00075;   
+00218 +00234 -00093;   
+00206 +00246 -00062;   
+00188 +00228 -00068;   
+00188 +00222 -00087;   
+00177 +00240 -00075;   
+00194 +00217 -00062;   
+00218 +00228 -00093;   
+00182 +00228 -00068;   
+00194 +00234 -00068;   
+00194 +00222 -00068;   
+00200 +00228 -00068;   
+00200 +00222 -00093;   
+00212 +00222 -00068;   
+00206 +00234 -00075;   
+00194 +00211 -00075;   
+00182 +00222 -00062;   
+00206 +00234 -00062;   
+00194 +00205 -00068;   
+00206 +00222 -00075;   
+00182 +00228 -00075;   
+00188 +00240 -00087;   
+00188 +00222 -00062;   
+00218 +00228 -00068;   
+00206 +00234 -00075;   
+00194 +00217 -00062;   
+00194 +00222 -00068;   
+00206 +00240 -00062;   
+00194 +00222 -00081;   
+00200 +00217 -00087;   
+00200 +00234 -00081;   
+00206 +00222 -00075;   
+00194 +00222 -00075;   
+00212 +00240 -00075;   
+00206 +00222 -00081;   
+00200 +00222 -00068;   
+00212 +00217 -00075;   
+00194 +00228 -00062;   
+00194 +00222 -00062;   
+00194 +00228 -00081;   
+00200 +00228 -00062;   
+00194 +00246 -00068;   
+00218 +00228 -00062;   
+00188 +00211 -00068;   
+00194 +00222 -00068;   
+00206 +00228 -00068;   
+00182 +00222 -00062;   
+00194 +00211 -00087;   
+00200 +00217 -00081;   
+00194 +00217 -00062;   
+00206 +00217 -00062;   
+00194 +00240 -00081;   
+00206 +00228 -00075;   
+00188 +00228 -00081;   
+00188 +00228 -00075;   
+00212 +00222 -00075;   
+00194 +00246 -00056;   
+00188 +00234 -00068;   
+00188 +00217 -00062;   
+00194 +00222 -00081;   
+00200 +00228 -00062;   
+00194 +00240 -00075;   
+00212 +00222 -00087;   
+00194 +00228 -00081;   
+00194 +00217 -00100;   
+00194 +00234 -00068;   
+00200 +00222 -00075;   
+00206 +00234 -00075;   
+00212 +00217 -00068;   
+00212 +00234 -00087;   
+00188 +00228 -00075;   
+00212 +00222 -00087;   
+00188 +00228 -00081;   
+00206 +00211 -00081;   
+00212 +00222 -00081;   
+00206 +00217 -00075;   
+00194 +00234 -00081;   
+00206 +00246 -00075;   
+00194 +00240 -00062;   
+00200 +00217 -00093;   
+00194 +00222 -00068;   
+00188 +00228 -00081;   
+00194 +00222 -00056;   
+00200 +00234 -00081;   
+00182 +00217 -00075;   
+00200 +00222 -00068;   
+00200 +00217 -00075;   
+00194 +00228 -00106;   
+00200 +00217 -00075;   
+00200 +00234 -00075;   
+00206 +00228 -00068;   
+00218 +00217 -00087;   
+00223 +00222 -00075;   
+00200 +00234 -00081;   
+00206 +00234 -00075;   
+00188 +00211 -00087;   
+00182 +00222 -00075;   
+00200 +00240 -00062;   
+00194 +00228 -00068;   
+00194 +00240 -00056;   
+00194 +00234 -00062;   
+00200 +00228 -00081;   
+00188 +00228 -00081;   
+00194 +00228 -00075;   
+00188 +00222 -00062;   
+00212 +00217 -00075;   
+00212 +00234 -00062;   
+00194 +00222 -00081;   
+00229 +00217 -00068;   
+00212 +00240 -00068;   
+00206 +00217 -00062;   
+00194 +00228 -00062;   
+00194 +00246 -00068;   
+00206 +00240 -00081;   
+00177 +00217 -00075;   
+00188 +00234 -00074;   
+00218 +00228 -00056;   
+00182 +00222 -00075;   
+00200 +00234 -00075;   
+00200 +00222 -00068;   
+00200 +00228 -00075;   
+00194 +00217 -00068;   
+00171 +00217 -00050;   
+00194 +00222 -00043;   
+00212 +00240 -00074;   
+00182 +00222 -00081;   
+00194 +00228 -00081;   
+00182 +00258 -00062;   
+00194 +00234 -00068;   
+00206 +00234 -00068;   
+00206 +00240 -00081;   
+00206 +00234 -00068;   
+00206 +00234 -00056;   
+00177 +00222 -00081;   
+00188 +00234 -00081;   
+00177 +00246 -00087;   
+00200 +00234 -00081;   
+00188 +00217 -00075;   
+00200 +00252 -00074;   
+00177 +00211 -00075;   
+00188 +00217 -00081;   
+00188 +00228 -00068;   
+00188 +00211 -00081;   
+00188 +00222 -00062;   
+00182 +00240 -00075;   
+00212 +00222 -00062;   
+00200 +00222 -00075;   
+00223 +00222 -00062;   
+00194 +00234 -00081;   
+00206 +00228 -00068;   
+00188 +00240 -00081;   
+00200 +00217 -00075;   
+00182 +00240 -00068;   
+00194 +00211 -00074;   
+00194 +00228 -00062;   
+00188 +00222 -00087;   
+00206 +00228 -00081;   
+00212 +00222 -00056;   
+00206 +00228 -00062;   
+00188 +00217 -00074;   
+00182 +00228 -00062;   
+00188 +00234 -00068;   
+00188 +00228 -00068;   
+00194 +00234 -00087;   
+00200 +00234 -00068;   
+00177 +00228 -00081;   
+00206 +00228 -00081;   
+00206 +00234 -00056;   
+00200 +00234 -00081;   
+00182 +00240 -00081;   
+00200 +00222 -00087;   
+00194 +00240 -00068;   
+00200 +00228 -00081;   
+00212 +00234 -00081;   
+00188 +00222 -00087;   
+00200 +00228 -00068;   
+00206 +00222 -00093;   
+00206 +00228 -00062;   
+00194 +00240 -00081;   
+00194 +00211 -00074;   
+00194 +00246 -00081;   
+00200 +00217 -00068;   
+00188 +00240 -00081;   
+00218 +00228 -00056;   
+00188 +00222 -00074;   
+00206 +00240 -00068;   
+00206 +00228 -00081;   
+00171 +00228 -00062;   
+00206 +00234 -00068;   
+00177 +00193 -00074;   
+00200 +00240 -00068;   
+00188 +00228 -00093;   
+00200 +00228 -00056;   
+00200 +00246 -00081;   
+00182 +00222 -00062;   
+00212 +00222 -00074;   
+00200 +00234 -00062;   
+00194 +00246 -00075;   
+00194 +00228 -00074;   
+00182 +00234 -00056;   
+00200 +00217 -00068;   
+00200 +00222 -00074;   
+00194 +00228 -00062;   
+00235 +00240 -00081;   
+00200 +00240 -00081;   
+00200 +00228 -00062;   
+00212 +00222 -00074;   
+00200 +00228 -00075;   
+00218 +00217 -00087;   
+00200 +00228 -00062;   
+00182 +00211 -00075;   
+00206 +00228 -00075;   
+00177 +00228 -00062;   
+00206 +00217 -00068;   
+00200 +00228 -00074;   
+00212 +00228 -00081;   
+00212 +00234 -00062;   
+00223 +00222 -00056;   
+00223 +00222 -00062;   
+00194 +00228 -00037;   
+00200 +00234 -00062;   
+00206 +00234 -00056;   
+00200 +00228 -00075;   
+00206 +00240 -00075;   
+00188 +00252 -00056;   
+00206 +00222 -00068;   
+00212 +00234 -00056;   
+00194 +00222 -00075;   
+00200 +00222 -00062;   
+00194 +00222 -00087;   
+00212 +00217 -00062;   

ddd
