+00999 +00692 +00760;   
+00975 +00680 +00853;   
+00887 +00669 +00942;   
+00811 +00704 +01048;   
+00734 +00716 +01067;   
+00646 +00757 +01060;   
+00570 +00804 +01061;   
+00546 +00827 +01017;   
+00546 +00874 +00910;   
+00546 +00909 +00885;   
+00535 +00933 +00841;   
+00576 +00945 +00740;   
+00640 +00939 +00634;   
+00640 +00939 +00571;   
+00640 +00898 +00445;   
+00640 +00810 +00288;   
+00629 +00810 +00263;   
+00611 +00839 +00307;   
+00593 +00892 +00408;   
+00552 +00945 +00546;   
+00546 +00968 +00627;   
+00511 +00956 +00721;   
+00435 +00962 +00960;   
+00447 +00815 +01104;   
+00458 +00710 +01180;   
+00488 +00592 +01255;   
+00511 +00452 +01311;   
+00523 +00246 +01336;   
+00499 +00005 +01304;   
+00464 -00182 +01179;   
+00394 -00294 +01091;   
+00323 -00335 +00997;   
+00253 -00400 +00890;   
+00206 -00370 +00834;   
+00141 -00376 +00790;   
+00100 -00376 +00746;   
+00065 -00323 +00715;   
-00005 -00282 +00696;   
-00099 -00177 +00659;   
-00152 -00089 +00652;   
-00193 +00005 +00646;   
-00223 +00088 +00633;   
-00240 +00252 +00646;   
-00217 +00328 +00583;   
-00176 +00457 +00558;   
-00117 +00598 +00546;   
+00030 +00727 +00502;   
+00136 +00821 +00470;   
+00294 +00874 +00433;   
+00400 +00868 +00414;   
+00488 +00880 +00395;   
+00582 +00886 +00439;   
+00664 +00898 +00470;   
+00746 +00886 +00527;   
+00816 +00845 +00577;   
+00922 +00827 +00659;   
+00969 +00757 +00703;   
+00993 +00739 +00728;   
+00993 +00716 +00809;   
+00993 +00686 +00771;   
+01004 +00680 +00815;   
+00993 +00669 +00909;   
+00957 +00657 +00953;   
+00940 +00633 +01010;   
+00940 +00581 +01035;   
+00916 +00522 +01066;   
+00916 +00528 +01079;   
+00934 +00469 +01129;   
+00928 +00422 +01135;   
+00899 +00399 +01148;   
+00858 +00375 +01173;   
+00846 +00358 +01192;   
+00799 +00352 +01217;   
+00775 +00293 +01248;   
+00734 +00240 +01235;   
+00723 +00158 +01254;   
+00676 +00111 +01248;   
+00687 +00046 +01254;   
+00664 +00005 +01236;   
+00676 +00035 +01229;   
+00652 -00106 +01179;   
+00588 -00165 +01129;   
+00558 -00235 +01091;   
+00482 -00300 +01016;   
+00476 -00329 +00991;   
+00488 -00335 +00979;   
+00482 -00335 +00947;   
+00488 -00353 +00941;   
+00470 -00364 +00941;   
+00488 -00388 +00903;   
+00488 -00417 +00847;   
+00517 -00417 +00815;   
+00541 -00423 +00815;   
+00570 -00411 +00827;   
+00640 -00388 +00847;   
+00705 -00364 +00859;   
+00717 -00353 +00872;   
+00758 -00300 +00910;   
+00834 -00265 +00903;   
+00840 -00229 +00991;   
+00858 -00130 +01060;   
+00863 -00059 +01091;   
+00858 +00000 +01141;   
+00899 +00082 +01173;   
+00881 +00123 +01173;   
+00852 +00158 +01198;   
+00793 +00170 +01217;   
+00740 +00205 +01229;   
+00687 +00211 +01261;   
+00611 +00223 +01292;   
+00494 +00223 +01292;   
+00388 +00176 +01311;   
+00288 +00146 +01298;   
+00177 +00117 +01254;   
+00083 +00123 +01204;   
-00070 +00170 +01091;   
-00093 +00211 +01060;   
-00111 +00228 +01003;   
-00152 +00275 +00953;   
-00181 +00311 +00884;   
-00170 +00387 +00878;   
-00152 +00399 +00872;   
-00164 +00422 +00897;   
-00164 +00381 +00878;   
-00176 +00410 +00853;   
-00181 +00422 +00834;   
-00158 +00434 +00846;   
-00158 +00440 +00859;   
-00146 +00387 +00872;   
-00164 +00363 +00897;   
-00164 +00311 +00915;   
-00164 +00305 +00897;   
-00176 +00287 +00853;   
-00193 +00299 +00821;   
-00187 +00316 +00815;   
-00187 +00305 +00828;   
-00205 +00322 +00809;   
-00205 +00287 +00815;   
-00193 +00258 +00803;   
-00199 +00129 +00784;   
-00176 +00076 +00790;   
-00158 +00017 +00765;   
-00135 -00042 +00746;   
-00099 -00106 +00721;   
-00052 -00171 +00646;   
-00017 -00200 +00552;   
+00024 -00206 +00464;   
+00059 -00194 +00395;   
+00106 -00177 +00332;   
+00147 -00165 +00282;   
+00218 -00159 +00257;   
+00276 -00182 +00238;   
+00388 -00147 +00213;   
+00476 -00165 +00219;   
+00611 -00165 +00238;   
+00693 -00165 +00257;   
+00811 -00141 +00294;   
+00840 -00130 +00313;   
+00875 -00112 +00407;   
+01022 -00094 +00501;   
+01045 -00077 +00583;   
+01075 -00053 +00645;   
+01057 -00065 +00739;   
+01075 -00036 +00815;   
+01028 -00036 +00953;   
+00940 +00000 +01097;   
+00828 +00041 +01185;   
+00728 +00041 +01235;   
+00623 -00006 +01260;   
+00511 -00018 +01260;   
+00400 +00011 +01272;   
+00288 +00005 +01267;   
+00182 +00017 +01216;   
+00106 +00041 +01173;   
+00018 +00093 +01135;   
-00058 +00093 +01085;   
-00058 +00129 +01041;   
-00099 +00146 +00991;   
-00129 +00193 +00997;   
-00129 +00252 +00972;   
-00076 +00381 +01003;   
-00046 +00481 +01035;   
+00012 +00504 +01084;   
+00112 +00522 +01135;   
+00182 +00551 +01191;   
+00253 +00598 +01172;   
+00364 +00633 +01191;   
+00476 +00604 +01229;   
+00593 +00616 +01204;   
+00699 +00633 +01160;   
+00834 +00522 +01147;   
+00922 +00498 +01085;   
+00981 +00422 +01028;   
+01057 +00410 +00966;   
+01092 +00369 +00878;   
+01116 +00316 +00809;   
+01145 +00275 +00752;   
+01122 +00093 +00621;   
+01081 +00000 +00577;   
+01045 -00077 +00539;   
+00963 -00118 +00501;   
+00904 -00188 +00470;   
+00816 -00224 +00420;   
+00711 -00271 +00395;   
+00617 -00288 +00376;   
+00523 -00329 +00376;   
+00406 -00347 +00388;   
+00247 -00300 +00407;   
+00130 -00300 +00482;   
+00018 -00235 +00495;   
-00058 -00188 +00570;   
-00146 -00071 +00689;   
-00176 +00017 +00765;   
-00193 +00105 +00834;   
-00187 +00228 +00884;   
-00193 +00299 +00896;   
-00164 +00457 +00915;   
-00117 +00528 +00909;   
-00099 +00604 +00903;   
-00041 +00633 +00878;   
-00029 +00675 +00878;   
-00058 +00675 +00865;   
-00023 +00680 +00859;   
+00000 +00716 +00846;   
+00018 +00733 +00827;   
+00053 +00786 +00809;   
+00059 +00763 +00790;   
+00065 +00792 +00809;   
+00089 +00786 +00865;   
+00141 +00786 +00897;   
+00194 +00827 +00921;   
+00235 +00792 +00972;   
+00259 +00810 +00972;   
+00300 +00798 +00991;   
+00335 +00798 +00997;   
+00359 +00792 +01029;   
+00411 +00798 +01041;   
+00441 +00780 +01047;   
+00488 +00768 +01053;   
+00499 +00751 +01066;   
+00541 +00739 +01091;   
+00587 +00716 +01104;   
+00593 +00651 +01148;   
+00605 +00598 +01198;   
+00646 +00522 +01204;   
+00634 +00428 +01235;   
+00646 +00311 +01248;   
+00640 +00046 +01223;   
+00629 -00065 +01166;   
+00587 -00188 +01103;   
+00564 -00271 +01028;   
+00535 -00288 +00984;   
+00511 -00341 +00941;   
+00447 -00394 +00828;   
+00400 -00429 +00696;   
+00312 -00388 +00614;   
+00271 -00388 +00577;   
+00212 -00364 +00564;   
+00159 -00335 +00545;   
+00106 -00306 +00545;   
+00083 -00271 +00570;   
+00024 -00259 +00577;   
-00023 -00224 +00589;   
-00064 -00171 +00614;   
-00117 -00147 +00639;   
-00129 -00071 +00601;   
-00170 -00030 +00614;   
-00170 +00011 +00621;   
-00170 +00052 +00627;   
-00211 +00117 +00664;   
-00205 +00164 +00702;   
-00211 +00223 +00734;   
-00217 +00287 +00802;   
-00170 +00375 +00928;   
-00041 +00616 +00947;   
+00065 +00669 +00978;   
+00141 +00739 +01003;   
+00271 +00774 +00997;   
+00317 +00798 +01016;   
+00400 +00804 +01035;   
+00488 +00780 +01028;   
+00593 +00786 +01034;   
+00676 +00745 +01034;   
+00740 +00727 +01041;   
+00740 +00686 +01079;   
+00740 +00622 +01141;   
+00752 +00586 +01166;   
+00764 +00475 +01216;   
+00746 +00381 +01223;   
+00652 +00223 +01274;   
+00599 -00006 +01254;   
+00582 -00136 +01216;   
+00593 -00282 +01078;   
+00552 -00353 +00997;   
+00505 -00388 +00991;   
+00511 -00370 +00984;   
+00529 -00394 +00978;   
+00494 -00388 +00996;   
+00470 -00376 +00972;   
+00441 -00376 +01010;   
+00458 -00376 +00997;   
+00447 -00364 +01009;   
+00417 -00382 +00984;   
+00376 -00411 +00934;   
+00306 -00441 +00821;   
+00276 -00417 +00740;   
+00159 -00370 +00621;   
+00065 -00335 +00589;   
+00012 -00288 +00570;   
-00035 -00265 +00589;   
-00093 -00188 +00577;   
-00140 -00136 +00621;   
-00246 +00064 +00652;   
-00234 +00322 +00646;   
-00217 +00493 +00690;   
-00164 +00633 +00671;   
-00076 +00733 +00646;   
+00024 +00798 +00608;   
+00124 +00868 +00552;   
+00212 +00898 +00545;   
+00241 +00915 +00520;   
+00317 +00945 +00483;   
+00394 +00927 +00457;   
+00505 +00927 +00445;   
+00582 +00921 +00413;   
+00652 +00886 +00401;   
+00711 +00851 +00351;   
+00787 +00780 +00319;   
+00846 +00739 +00301;   
+00904 +00675 +00288;   
+00969 +00516 +00313;   
+01057 +00405 +00307;   
+01057 +00328 +00307;   
+01045 +00240 +00294;   
+01022 +00176 +00282;   
+00987 +00105 +00250;   
+00922 +00064 +00219;   
+00863 +00000 +00207;   
+00799 -00018 +00188;   
+00746 -00018 +00144;   
+00658 -00030 +00131;   
+00593 -00036 +00106;   
+00482 -00012 +00100;   
+00388 -00006 +00087;   
+00329 +00052 +00087;   
+00306 +00082 +00075;   
+00306 +00111 +00062;   
+00335 +00164 +00062;   
+00317 +00146 +00075;   
+00276 +00117 +00094;   
+00212 -00047 +00163;   
+00206 -00100 +00181;   
+00200 -00153 +00219;   
+00259 -00188 +00232;   
+00341 -00259 +00269;   
+00423 -00312 +00301;   
+00511 -00323 +00370;   
+00552 -00382 +00451;   
+00599 -00382 +00514;   
+00664 -00417 +00621;   
+00711 -00376 +00683;   
+00746 -00347 +00771;   
+00775 -00306 +00846;   
+00787 -00271 +00896;   
+00793 -00247 +00935;   
+00834 -00177 +01003;   
+00822 -00112 +01047;   
+00846 -00030 +01079;   
+00834 -00006 +01103;   
+00764 +00146 +01166;   
+00752 +00234 +01204;   
+00717 +00340 +01217;   
+00758 +00410 +01192;   
+00787 +00469 +01135;   
+00834 +00540 +01098;   
+00834 +00540 +01072;   
+00858 +00557 +01054;   
+00869 +00575 +01034;   
+00893 +00592 +01016;   
+00940 +00557 +00997;   
+01022 +00463 +00922;   
+01063 +00375 +00884;   
+01092 +00293 +00846;   
+01086 +00199 +00790;   
+01086 +00123 +00759;   
+01092 +00064 +00702;   
+01051 -00024 +00677;   
+00998 -00059 +00589;   
+00887 -00171 +00508;   
+00834 -00206 +00489;   
+00775 -00241 +00476;   
+00728 -00253 +00451;   
+00681 -00265 +00432;   
+00634 -00265 +00407;   
+00535 -00294 +00401;   
+00458 -00300 +00401;   
+00370 -00288 +00407;   
+00317 -00300 +00414;   
+00206 -00282 +00432;   
+00130 -00241 +00426;   
+00053 -00182 +00439;   
-00041 -00124 +00489;   
-00064 -00077 +00508;   
-00093 -00053 +00539;   
-00129 -00053 +00577;   
-00123 -00053 +00602;   
-00129 -00059 +00627;   
-00111 -00071 +00677;   
-00099 -00083 +00727;   
-00088 -00106 +00758;   
-00076 -00141 +00752;   
-00046 -00141 +00784;   
-00041 -00141 +00815;   
-00052 -00130 +00834;   
-00029 -00118 +00852;   
-00023 -00130 +00903;   
-00017 -00136 +00903;   
+00012 -00141 +00928;   
+00042 -00141 +00947;   
+00012 -00089 +00991;   
+00000 -00071 +01016;   
+00024 -00012 +01029;   
+00006 +00011 +01048;   
+00018 +00035 +01066;   
+00006 +00111 +01104;   
+00024 +00146 +01110;   
-00041 +00223 +01072;   
-00058 +00275 +01079;   
-00058 +00358 +01041;   
-00093 +00410 +01041;   
-00076 +00463 +01028;   
-00052 +00563 +00978;   
-00064 +00628 +00891;   
-00058 +00722 +00803;   
-00029 +00733 +00734;   
+00030 +00792 +00646;   
+00136 +00862 +00545;   
+00253 +00880 +00501;   
+00347 +00898 +00451;   
+00388 +00862 +00401;   
+00417 +00857 +00382;   
+00517 +00857 +00389;   
+00588 +00845 +00395;   
+00611 +00857 +00389;   
+00634 +00827 +00357;   
+00699 +00827 +00370;   
+00816 +00768 +00363;   
+00887 +00663 +00370;   
+00975 +00604 +00351;   
+01004 +00528 +00357;   
+01063 +00434 +00363;   
+01057 +00346 +00332;   
+01069 +00275 +00326;   
+01039 +00193 +00338;   
+01004 +00064 +00338;   
+00975 -00047 +00338;   
+00946 -00065 +00338;   
+00887 -00141 +00351;   
+00863 -00188 +00345;   
+00840 -00200 +00345;   
+00793 -00224 +00345;   
+00711 -00265 +00326;   
+00623 -00300 +00351;   
+00599 -00341 +00389;   
+00394 -00382 +00458;   
+00312 -00406 +00501;   
+00265 -00406 +00527;   
+00253 -00400 +00577;   
+00206 -00370 +00596;   
+00171 -00364 +00621;   
+00153 -00376 +00652;   
+00130 -00359 +00709;   
+00094 -00335 +00790;   
+00053 -00288 +00853;   
+00059 -00235 +00916;   
+00059 -00218 +00966;   
+00047 -00141 +01010;   
+00042 -00083 +01066;   
+00012 +00035 +01116;   
+00036 +00152 +01148;   
+00059 +00199 +01185;   
+00100 +00311 +01173;   
+00136 +00399 +01205;   
+00141 +00522 +01167;   
+00188 +00604 +01148;   
+00177 +00669 +01104;   
+00171 +00686 +01079;   
+00136 +00716 +01022;   
+00124 +00733 +00991;   
+00130 +00774 +00941;   
+00141 +00815 +00891;   
+00159 +00833 +00828;   
+00159 +00892 +00696;   
+00188 +00886 +00621;   
+00200 +00886 +00558;   
+00212 +00874 +00552;   
+00247 +00857 +00527;   
+00235 +00874 +00501;   
+00259 +00845 +00458;   
+00235 +00815 +00401;   
+00182 +00798 +00389;   
+00177 +00774 +00382;   
+00136 +00698 +00401;   
+00053 +00651 +00401;   
+00000 +00633 +00451;   
-00011 +00622 +00451;   
-00035 +00587 +00458;   
-00058 +00569 +00458;   
-00052 +00504 +00432;   
-00070 +00457 +00420;   
-00105 +00387 +00401;   
-00111 +00322 +00432;   
-00123 +00281 +00420;   
-00105 +00105 +00420;   
-00082 +00046 +00395;   
-00058 -00006 +00395;   
-00029 -00018 +00370;   
+00012 -00089 +00376;   
+00071 -00118 +00351;   
+00130 -00194 +00376;   
+00194 -00259 +00426;   
+00306 -00353 +00445;   
+00364 -00370 +00445;   
+00458 -00341 +00451;   
+00529 -00364 +00458;   
+00640 -00347 +00464;   
+00699 -00335 +00483;   
+00764 -00294 +00483;   
+00840 -00259 +00508;   
+00893 -00241 +00558;   
+00928 -00206 +00558;   
+00963 -00177 +00589;   
+00993 -00165 +00640;   
+01022 -00136 +00702;   
+01010 -00136 +00734;   
+01016 -00124 +00778;   
+01016 -00094 +00803;   
+01028 -00106 +00846;   
+01010 -00100 +00897;   
+00975 -00106 +00934;   
+00946 -00100 +00972;   
+00934 -00089 +00997;   
+00922 -00094 +01010;   
+00905 -00100 +01010;   
+00899 -00042 +01054;   
+00852 -00071 +01110;   
+00840 -00036 +01123;   
+00805 +00005 +01148;   
+00758 +00017 +01192;   
+00740 +00023 +01205;   
+00723 +00011 +01198;   
+00693 +00035 +01236;   
+00681 +00041 +01230;   
+00646 +00046 +01223;   
+00640 -00065 +01198;   
+00617 -00194 +01117;   
+00611 -00282 +01041;   
+00588 -00359 +00953;   
+00541 -00406 +00872;   
+00447 -00429 +00784;   
+00323 -00447 +00721;   
+00253 -00435 +00652;   
+00212 -00400 +00577;   
+00147 -00406 +00577;   
+00100 -00341 +00564;   
+00018 -00306 +00539;   
-00023 -00282 +00546;   
-00041 -00306 +00577;   
-00017 -00288 +00615;   
-00046 -00288 +00746;   
-00076 -00229 +00853;   
-00052 -00177 +00941;   
+00024 -00188 +01028;   
+00077 -00130 +01154;   
+00218 -00094 +01192;   
+00329 -00094 +01229;   
+00476 -00059 +01268;   
+00593 +00000 +01267;   
+00676 +00099 +01230;   
+00928 +00270 +01142;   
+00946 +00346 +01110;   
+00940 +00428 +01104;   
+00928 +00498 +01085;   
+00905 +00604 +01041;   
+00922 +00651 +00985;   
+00957 +00669 +00922;   
+00998 +00675 +00822;   
+01039 +00663 +00759;   
+01075 +00557 +00747;   
+01133 +00487 +00702;   
+01157 +00410 +00665;   
+01151 +00299 +00621;   
+01157 +00223 +00627;   
+01151 +00146 +00558;   
+01098 +00082 +00514;   
+01051 +00011 +00439;   
+00957 -00100 +00364;   
+00816 -00159 +00269;   
+00558 -00188 +00225;   
+00458 -00153 +00188;   
+00359 -00124 +00163;   
+00235 -00106 +00213;   
+00094 -00118 +00263;   
-00011 -00077 +00357;   
-00123 -00030 +00464;   
-00193 +00035 +00545;   
-00234 +00140 +00640;   
-00234 +00199 +00721;   
-00240 +00270 +00790;   
-00170 +00352 +00878;   
-00135 +00434 +00941;   
-00093 +00504 +00991;   
-00035 +00557 +01035;   
+00000 +00622 +01042;   
+00059 +00663 +01035;   
+00130 +00698 +01048;   
+00153 +00786 +00991;   
+00224 +00792 +00972;   
+00265 +00821 +00979;   
+00288 +00862 +00928;   
+00306 +00868 +00903;   
+00347 +00898 +00872;   
+00376 +00921 +00847;   
+00394 +00915 +00847;   
+00423 +00927 +00815;   
+00452 +00939 +00790;   
+00494 +00939 +00796;   
+00535 +00915 +00765;   
+00576 +00939 +00753;   
+00599 +00927 +00721;   
+00576 +00939 +00709;   
+00593 +00933 +00709;   
+00611 +00915 +00690;   
+00623 +00933 +00684;   
+00623 +00904 +00690;   
+00605 +00921 +00702;   
+00593 +00927 +00721;   
+00599 +00915 +00784;   
+00623 +00892 +00803;   
+00652 +00921 +00728;   
+00699 +00892 +00684;   
+00676 +00921 +00665;   
+00652 +00909 +00652;   
+00664 +00909 +00690;   
+00634 +00939 +00747;   
+00482 +00915 +00784;   
+00406 +00915 +00771;   
+00329 +00909 +00771;   
+00271 +00880 +00797;   
+00241 +00880 +00816;   
+00182 +00851 +00828;   
+00188 +00827 +00872;   
+00153 +00798 +00916;   
+00100 +00757 +00922;   
-00011 +00598 +00972;   
-00052 +00540 +00941;   
-00093 +00452 +00966;   
-00140 +00399 +00934;   
-00158 +00369 +00891;   
-00199 +00311 +00847;   
-00193 +00316 +00778;   
-00217 +00316 +00702;   
-00217 +00352 +00634;   
-00205 +00381 +00583;   
-00181 +00399 +00564;   
-00152 +00469 +00533;   
-00129 +00499 +00546;   
-00117 +00569 +00539;   
-00099 +00581 +00558;   
-00088 +00633 +00583;   
-00070 +00657 +00615;   
-00058 +00663 +00633;   
-00041 +00669 +00715;   
-00052 +00675 +00746;   
-00046 +00645 +00797;   
-00046 +00628 +00847;   
-00064 +00639 +00841;   
-00064 +00587 +00885;   
-00052 +00540 +00960;   
-00064 +00463 +00997;   
-00076 +00410 +01003;   
-00082 +00334 +01029;   
-00082 +00270 +01010;   
-00105 +00211 +01016;   
-00117 +00211 +00991;   
-00123 +00199 +00934;   
-00135 +00228 +00935;   
-00158 +00258 +00922;   
-00152 +00293 +00897;   
-00146 +00322 +00928;   
-00123 +00405 +00922;   
-00076 +00522 +00916;   
+00065 +00686 +00960;   
+00136 +00716 +00966;   
+00165 +00763 +00947;   
+00241 +00792 +00966;   
+00335 +00821 +00953;   
+00447 +00857 +00910;   
+00529 +00857 +00878;   
+00646 +00839 +00916;   
+00781 +00763 +00922;   
+00811 +00686 +00997;   
+00858 +00628 +01022;   
+00893 +00522 +01054;   
+00899 +00393 +01098;   
+00858 +00234 +01142;   
+00822 +00111 +01135;   
+00717 -00006 +01135;   
+00652 -00147 +01110;   
+00593 -00177 +01079;   
+00511 -00229 +01054;   
+00200 -00171 +01060;   
+00124 -00118 +01053;   
+00077 -00030 +01085;   
+00000 +00070 +01079;   
-00023 +00146 +01072;   
-00035 +00234 +01053;   
-00052 +00358 +01035;   
-00076 +00446 +01003;   
-00064 +00528 +00941;   
-00035 +00622 +00884;   
-00035 +00669 +00840;   
+00000 +00704 +00784;   
+00018 +00745 +00740;   
+00059 +00780 +00665;   
+00100 +00792 +00615;   
+00147 +00845 +00589;   
+00206 +00857 +00571;   
+00276 +00886 +00558;   
+00323 +00898 +00533;   
+00441 +00898 +00514;   
+00482 +00898 +00514;   
+00535 +00898 +00495;   
+00582 +00868 +00489;   
+00629 +00874 +00477;   
+00681 +00845 +00489;   
+00764 +00821 +00489;   
+00834 +00768 +00508;   
+00893 +00704 +00539;   
+00981 +00651 +00533;   
+01016 +00575 +00552;   
+01034 +00522 +00558;   
+01051 +00446 +00558;   
+01069 +00405 +00552;   
+01063 +00363 +00564;   
+01075 +00328 +00571;   
+01081 +00240 +00596;   
+01063 +00158 +00602;   
+01057 +00123 +00614;   
+00789 -00018 +00646;   
+00940 -00083 +00715;   
+00887 -00147 +00734;   
+00840 -00188 +00772;   
+00775 -00253 +00809;   
+00676 -00276 +00834;   
+00582 -00288 +00853;   
+00546 -00312 +00847;   
+00452 -00306 +00872;   
+00341 -00282 +00916;   
+00300 -00265 +00916;   
+00235 -00235 +00916;   
+00147 -00206 +00960;   
+00083 -00124 +00960;   
+00024 -00077 +00972;   
-00017 +00005 +00985;   
-00035 +00076 +01010;   
-00035 +00181 +01029;   
+00000 +00258 +01079;   
+00036 +00451 +01110;   
+00136 +00540 +01098;   
+00153 +00610 +01123;   
+00300 +00675 +01104;   
+00458 +00733 +01091;   
+00529 +00733 +01073;   
+00623 +00722 +01079;   
+00693 +00692 +01085;   
+00793 +00628 +01085;   
+00951 +00405 +01066;   
+01028 +00287 +01041;   
+01028 +00187 +01004;   
+01034 +00111 +00997;   
+01045 +00005 +00934;   
+01028 -00100 +00872;   
+00981 -00177 +00803;   
+00951 -00253 +00734;   
+00905 -00312 +00690;   
+00828 -00376 +00627;   
+00717 -00394 +00527;   
+00693 -00388 +00501;   
+00681 -00400 +00470;   
+00670 -00400 +00464;   
+00658 -00400 +00476;   
+00640 -00423 +00483;   
+00634 -00453 +00514;   
+00623 -00452 +00545;   
+00611 -00470 +00589;   
+00582 -00476 +00627;   
+00517 -00494 +00671;   
+00423 -00482 +00702;   
+00323 -00476 +00746;   
+00259 -00482 +00759;   
+00218 -00406 +00790;   
+00177 -00394 +00834;   
+00118 -00353 +00847;   
+00100 -00323 +00866;   
+00083 -00306 +00853;   
+00089 -00353 +00740;   
+00159 -00376 +00696;   
+00271 -00423 +00665;   
+00388 -00429 +00640;   
+00476 -00453 +00627;   
+00511 -00453 +00640;   
+00576 -00429 +00640;   
+00646 -00417 +00671;   
+00705 -00400 +00671;   
+00746 -00370 +00702;   
+00793 -00359 +00746;   
+00822 -00347 +00765;   
+00822 -00317 +00784;   
+00822 -00276 +00853;   
+00799 -00288 +00922;   
+00752 -00253 +00979;   
+00664 -00271 +01003;   
+00546 -00265 +01066;   
+00423 -00206 +01123;   
+00300 -00100 +01092;   
+00012 -00053 +01029;   
-00064 +00017 +00979;   
-00111 +00070 +00953;   
-00140 +00152 +00916;   
-00164 +00275 +00897;   
-00152 +00358 +00891;   
-00099 +00446 +00903;   
-00070 +00534 +00922;   
+00024 +00616 +00991;   
+00124 +00645 +01028;   
+00218 +00686 +01041;   
+00288 +00733 +01066;   
+00306 +00716 +01073;   
+00359 +00751 +01066;   
+00394 +00774 +01041;   
+00452 +00780 +01047;   
+00511 +00798 +01023;   
+00705 +00810 +01010;   
+00758 +00710 +00997;   
+00905 +00657 +00985;   
+00998 +00622 +00941;   
+01057 +00557 +00897;   
+01086 +00469 +00897;   
+01128 +00446 +00872;   
+01128 +00405 +00878;   
+01151 +00340 +00866;   
+01157 +00258 +00866;   
+01169 +00252 +00822;   
+01169 +00199 +00828;   
+01145 +00088 +00784;   
+01139 -00006 +00771;   
+01116 -00065 +00759;   
+01092 -00094 +00759;   
+01063 -00171 +00778;   
+01016 -00241 +00746;   
+00916 -00317 +00728;   
+00875 -00394 +00734;   
+00781 -00435 +00728;   
+00394 -00494 +00671;   
+00253 -00476 +00640;   
+00165 -00435 +00646;   
+00053 -00341 +00602;   
-00052 -00288 +00608;   
-00099 -00212 +00621;   
-00140 -00188 +00627;   
-00146 -00130 +00646;   
-00176 -00094 +00709;   
-00199 +00005 +00728;   
-00170 +00035 +00778;   
-00158 +00052 +00797;   
-00164 +00070 +00803;   
-00187 +00088 +00809;   
-00181 +00129 +00797;   
-00187 +00205 +00853;   
-00164 +00299 +00872;   
-00129 +00369 +00910;   
-00088 +00446 +00966;   
-00005 +00557 +01060;   
+00153 +00598 +01085;   
+00212 +00622 +01098;   
+00282 +00628 +01110;   
+00370 +00651 +01129;   
+00435 +00669 +01129;   
+00464 +00663 +01116;   
+00582 +00669 +01123;   
+00652 +00633 +01122;   
+00705 +00616 +01135;   
+00752 +00569 +01110;   
+00799 +00522 +01129;   
+00881 +00422 +01104;   
+00957 +00346 +01073;   
+00993 +00246 +01022;   
+01034 +00193 +01004;   
+01034 +00123 +00966;   
+01034 +00064 +00960;   
+01057 +00052 +00897;   
+01075 +00105 +00903;   
+01075 +00123 +00897;   
+01069 +00129 +00878;   
+01086 +00152 +00872;   
+01069 +00140 +00878;   
+01063 +00082 +00909;   
+01045 +00041 +00897;   
+01028 -00012 +00847;   
+01028 -00036 +00828;   
+01010 -00065 +00753;   
+01010 -00100 +00696;   
+00993 -00112 +00615;   
+00981 -00094 +00539;   
+00975 -00094 +00508;   
+00957 -00077 +00407;   
+00922 -00018 +00338;   
+00922 +00017 +00301;   
+00934 +00082 +00257;   
+00893 +00152 +00213;   
+00899 +00170 +00188;   
+00869 +00211 +00175;   
+00852 +00258 +00163;   
+00875 +00311 +00175;   
+00863 +00346 +00175;   
+00834 +00410 +00163;   
+00811 +00475 +00169;   
+00740 +00516 +00144;   
+00623 +00534 +00112;   
+00558 +00422 +00087;   
+00529 +00293 +00069;   
+00517 +00187 +00062;   
+00529 +00070 +00069;   
+00535 -00024 +00100;   
+00558 -00083 +00138;   
+00629 -00141 +00163;   
+00676 -00159 +00213;   
+00746 -00188 +00250;   
+00769 -00188 +00320;   
+00822 -00235 +00370;   
+00905 -00247 +00477;   
+00922 -00259 +00564;   
+00951 -00271 +00659;   
+00940 -00253 +00702;   
+00987 -00206 +00771;   
+00993 -00165 +00803;   
+01016 -00147 +00834;   
+01004 -00130 +00840;   
+00998 -00112 +00878;   
+00951 -00112 +00953;   
+00916 -00083 +01010;   
+00822 -00112 +01092;   
+00728 -00083 +01142;   
+00664 -00112 +01180;   
+00564 -00094 +01198;   
+00458 -00083 +01217;   
+00364 -00089 +01236;   
+00282 -00059 +01148;   
+00147 -00065 +01142;   
+00094 -00053 +01129;   
+00077 -00018 +01110;   
+00047 -00012 +01073;   
+00018 +00005 +01098;   
-00005 +00029 +01041;   
-00058 +00046 +01029;   
-00105 +00052 +01004;   
-00093 +00058 +00991;   
-00093 +00058 +00979;   
-00105 +00070 +00947;   
-00129 +00093 +00947;   
-00164 +00105 +00909;   
-00181 +00135 +00847;   
-00223 +00170 +00728;   
-00228 +00193 +00702;   
-00217 +00217 +00659;   
-00223 +00240 +00627;   
-00217 +00375 +00583;   
-00170 +00469 +00608;   
-00105 +00587 +00577;   
-00052 +00680 +00571;   
+00065 +00763 +00577;   
+00235 +00868 +00646;   
+00394 +00904 +00684;   
+00511 +00904 +00778;   
+00599 +00857 +00853;   
+00670 +00804 +00929;   
+00723 +00727 +00985;   
+00770 +00680 +01054;   
+00816 +00657 +01023;   
+00887 +00651 +00947;   
+00981 +00587 +00904;   
+01022 +00551 +00809;   
+01069 +00528 +00709;   
+01075 +00493 +00615;   
+01087 +00452 +00539;   
+01045 +00375 +00420;   
+01028 +00352 +00382;   
+00998 +00334 +00345;   
+00993 +00322 +00307;   
+00957 +00316 +00269;   
+00951 +00322 +00263;   
+00963 +00340 +00288;   
+01028 +00387 +00389;   
+01075 +00358 +00502;   
+01092 +00340 +00589;   
+01092 +00281 +00690;   
+01087 +00223 +00797;   
+01057 +00187 +00904;   
+00998 +00164 +00998;   
+00934 +00170 +01067;   
+00828 +00135 +01142;   
+00758 +00129 +01211;   
+00664 +00135 +01237;   
+00593 +00158 +01255;   
+00429 +00181 +01255;   
+00364 +00205 +01255;   
+00306 +00217 +01237;   
+00206 +00252 +01211;   
+00136 +00317 +01180;   
+00100 +00346 +01148;   
+00030 +00363 +01117;   
-00035 +00363 +01079;   
-00052 +00375 +01023;   
-00093 +00399 +00992;   
-00135 +00416 +00891;   
-00176 +00440 +00822;   
-00158 +00487 +00728;   
-00158 +00498 +00646;   
-00164 +00516 +00583;   
-00146 +00516 +00521;   
-00129 +00522 +00445;   
-00105 +00510 +00382;   
-00046 +00545 +00332;   
+00071 +00610 +00244;   
+00118 +00610 +00225;   
+00124 +00622 +00207;   
+00153 +00604 +00182;   
+00171 +00510 +00144;   
+00212 +00481 +00100;   
+00200 +00399 +00087;   
+00206 +00363 +00075;   
+00218 +00293 +00075;   
+00218 +00228 +00075;   
+00200 +00199 +00062;   
+00206 +00170 +00094;   
+00200 +00146 +00081;   
+00194 +00105 +00087;   
+00171 +00076 +00100;   
+00165 +00058 +00119;   
+00159 +00029 +00131;   
+00171 -00024 +00131;   
+00177 -00059 +00169;   
+00188 -00059 +00175;   
+00171 -00089 +00163;   
+00153 -00089 +00175;   
+00124 -00053 +00169;   
+00059 -00018 +00207;   
+00012 +00035 +00213;   
-00023 +00082 +00207;   
-00005 +00146 +00232;   
-00035 +00217 +00207;   
-00046 +00270 +00207;   
-00023 +00311 +00225;   
-00005 +00405 +00213;   
+00018 +00428 +00232;   
+00053 +00475 +00175;   
+00089 +00481 +00175;   
+00112 +00522 +00169;   
+00130 +00563 +00175;   
+00124 +00569 +00194;   
+00147 +00598 +00213;   
+00147 +00657 +00207;   
+00194 +00675 +00219;   
+00188 +00698 +00238;   
+00188 +00739 +00257;   
+00171 +00716 +00276;   
+00188 +00763 +00282;   
+00182 +00763 +00307;   
+00171 +00786 +00364;   
+00118 +00810 +00420;   
+00136 +00827 +00452;   
+00112 +00839 +00496;   
+00124 +00839 +00527;   
+00106 +00857 +00552;   
+00130 +00874 +00590;   
+00124 +00880 +00640;   
+00153 +00886 +00646;   
+00159 +00868 +00697;   
+00171 +00904 +00728;   
+00182 +00886 +00791;   
+00188 +00868 +00853;   
+00224 +00798 +01004;   
+00229 +00804 +01017;   
+00247 +00804 +01035;   
+00282 +00751 +01061;   
+00300 +00739 +01098;   
+00294 +00692 +01142;   
+00294 +00598 +01212;   
+00206 +00457 +01255;   
+00188 +00358 +01256;   
+00194 +00322 +01280;   
+00229 +00264 +01268;   
+00241 +00287 +01268;   
+00253 +00328 +01274;   
+00318 +00399 +01274;   
+00347 +00399 +01261;   
+00406 +00422 +01274;   
+00482 +00493 +01256;   
+00523 +00540 +01224;   
+00529 +00604 +01193;   
+00453 +00745 +01092;   
+00329 +00816 +01017;   
+00218 +00827 +00891;   
+00112 +00786 +00854;   
+00036 +00733 +00765;   
-00029 +00680 +00740;   
-00046 +00663 +00690;   
-00082 +00622 +00652;   
-00123 +00551 +00602;   
-00170 +00481 +00558;   
-00164 +00457 +00527;   
-00164 +00434 +00489;   
-00170 +00381 +00464;   
-00158 +00328 +00433;   
-00140 +00275 +00401;   
-00129 +00234 +00376;   
-00111 +00199 +00357;   
-00099 +00146 +00339;   
-00076 +00099 +00313;   
-00023 +00052 +00270;   
+00030 +00046 +00251;   
+00071 +00023 +00219;   
+00141 +00041 +00163;   
+00188 +00105 +00113;   
+00288 +00111 +00094;   
+00347 +00099 +00081;   
+00470 +00093 +00062;   
+00570 +00111 +00081;   
+00558 +00234 +00075;   
+00588 +00311 +00037;   
+00570 +00405 +00050;   
+00588 +00452 +00062;   
+00588 +00487 +00069;   
+00588 +00563 +00094;   
+00558 +00598 +00106;   
+00558 +00604 +00106;   
+00558 +00587 +00106;   
+00564 +00680 +00156;   
+00535 +00810 +00232;   
+00523 +00839 +00276;   
+00482 +00880 +00351;   
+00441 +00909 +00401;   
+00382 +00933 +00496;   
+00329 +00933 +00583;   
+00276 +00945 +00665;   
+00235 +00915 +00753;   
+00188 +00857 +00828;   
+00147 +00786 +00922;   
+00112 +00675 +01073;   
+00100 +00581 +01123;   
+00077 +00499 +01130;   
+00047 +00457 +01142;   
+00000 +00328 +01130;   
-00017 +00287 +01104;   
-00058 +00246 +01080;   
-00093 +00234 +01036;   
-00111 +00211 +00960;   
-00182 +00234 +00917;   
-00182 +00275 +00841;   
-00193 +00305 +00810;   
-00199 +00387 +00709;   
-00211 +00428 +00671;   
-00193 +00475 +00646;   
-00158 +00528 +00621;   
-00088 +00610 +00596;   
-00052 +00692 +00602;   
+00018 +00757 +00615;   
+00094 +00833 +00627;   
+00177 +00851 +00615;   
+00300 +00892 +00565;   
+00388 +00921 +00558;   
+00482 +00927 +00584;   
+00576 +00927 +00653;   
+00699 +00874 +00690;   
+00787 +00857 +01022;   
+00905 +00692 +00904;   
+00934 +00592 +00966;   
+00957 +00569 +00954;   
+00981 +00540 +00992;   
+00975 +00487 +00979;   
+00987 +00457 +00998;   
+00975 +00440 +01035;   
+00922 +00416 +01092;   
+00863 +00399 +01149;   
+00770 +00346 +01180;   
+00752 +00340 +01230;   
+00682 +00299 +01243;   
+00635 +00299 +01261;   
+00623 +00258 +01236;   
+00629 +00193 +01255;   
+00576 +00158 +01268;   
+00546 +00058 +01230;   
+00482 +00005 +01243;   
+00447 -00065 +01186;   
+00417 -00200 +01080;   
+00429 -00235 +01067;   
+00406 -00259 +01029;   
+00423 -00312 +00985;   
+00441 -00318 +00966;   
+00441 -00341 +00897;   
+00423 -00359 +00835;   
+00394 -00364 +00784;   
+00329 -00364 +00690;   
+00282 -00341 +00596;   
+00265 -00329 +00577;   
+00253 -00335 +00546;   
+00229 -00312 +00539;   
+00182 -00306 +00533;   
+00124 -00259 +00502;   
+00071 -00235 +00489;   
+00059 -00182 +00483;   
+00036 -00147 +00464;   
-00005 -00136 +00439;   
-00005 -00112 +00433;   
-00023 -00083 +00445;   
-00023 -00065 +00426;   
-00046 -00053 +00427;   
