-00173 -00626 +00640;   
-00189 -00546 +00795;   
-00285 -00612 +00785;   
-00475 -00595 +00756;   
-00635 -00514 +00668;   
-00708 -00383 +00610;   
-00819 -00285 +00501;   
-00840 -00250 +00410;   
-00980 -00236 +00268;   
-00962 -00158 +00180;   
-01026 -00512 +00035;   
-00998 -00327 -00068;   
-00889 -00376 -00120;   
-00828 -00432 -00216;   
-00819 -00520 -00338;   
-00704 -00574 -00471;   
-00648 -00564 -00259;   
-00618 -00604 -00717;   
-00610 -00530 -00661;   
-00614 -00528 -00751;   
-00535 -00484 -00616;   
-00360 -00493 -00841;   
-00332 -00356 -00943;   
-00308 -00185 -00921;   
-00198 -00111 -00975;   
-00148 -00034 -00974;   
-00119 +00022 -00966;   
-00050 +00099 -01017;   
-00018 +00146 -00991;   
+00060 +00263 -00985;   
+00054 +00272 -00919;   
+00112 +00316 -00916;   
+00215 +00359 -00922;   
+00327 +00450 -00865;   
+00361 +00761 -00789;   
+00412 +00543 -00721;   
+00456 +00577 -00749;   
+00466 +00570 -00637;   
+00516 +00607 -00565;   
+00636 +00589 -00508;   
+00645 +00545 -00454;   
+00688 +00563 -00379;   
+01021 +00597 -00309;   
+00725 +00622 -00358;   
+00697 +00636 -00013;   
+00667 +00730 -00034;   
+00606 +00748 +00064;   
+00516 +00812 +00146;   
+00464 +00869 +00280;   
+00379 +00902 +00380;   
+00315 +00889 +00448;   
+00145 +00782 +00578;   
+00036 +00675 +00655;   
-00072 +00558 +00747;   
-00223 +00447 +00925;   
-00279 +00313 +00917;   
-00302 +00208 +00940;   
-00360 +00060 +00892;   
-00428 -00060 +00939;   
-00463 -00247 +00934;   
-00456 -00321 +00849;   
-00436 -00395 +00832;   
-00427 -00476 +00806;   
-00440 -00552 +00716;   
-00517 -00715 +00632;   
-00339 -00684 +00651;   
-00396 -00781 +00532;   
-00348 -00807 +00509;   
-00392 -00792 +00617;   
-00591 -00587 +00564;   
-00750 -00447 +00546;   
-00822 -00433 +00435;   
-00900 -00388 +00374;   
-00948 -00264 +00334;   
-00965 -00116 +00257;   
-00979 +00020 +00179;   
-00972 +00128 +00116;   
-00952 +00209 +00013;   
-00921 +00331 -00106;   
-00828 +00464 -00239;   
-00736 +00551 -00315;   
-00668 +00617 -00311;   
-00570 +00656 -00317;   
-00490 +00715 -00446;   
-00299 +00807 -00499;   
-00162 +00881 -00484;   
-00031 +00840 -00264;   
+00113 +00859 -00447;   
+00285 +00885 -00344;   
+00454 +00840 -00300;   
+00604 +00514 -00005;   
+00678 +00706 -00288;   
+00825 +00257 -00215;   
+00925 +00436 -00059;   
+00922 +00377 +00063;   
+00944 +00267 +00142;   
+00906 +00194 +00250;   
+00870 +00052 +00333;   
+00896 -00098 +00362;   
+00895 -00134 +00482;   
+00855 -00252 +00441;   
+00754 -00341 +00506;   
+00671 -00410 +00555;   
+00563 -00481 +00565;   
+00433 -00593 +00529;   
+00332 -00451 +00687;   
+00370 -00516 +00785;   
+00368 -00654 +00763;   
+00133 -00734 +00667;   
-00047 -00593 +00889;   
-00255 -00623 +00752;   
-00215 -00656 +01021;   
-00348 -00656 +00723;   
-00348 -00634 +00664;   
-00477 -00630 +00515;   
-00546 -00539 +00661;   
-00673 -00444 +00742;   
-00671 -00407 +00545;   
-00514 -00186 +00615;   
-00729 -00119 +00574;   
-00873 -00153 +00543;   
-00922 +00076 +00479;   
-00984 +00198 +00602;   
-00801 +00207 +00214;   
-00988 +00159 -00048;   
-00972 +00194 -00202;   
-00910 +00154 -00344;   
-00857 +00125 -00758;   
-00723 +00077 -00655;   
-00524 +00021 -00803;   
-00360 -00012 -00890;   
-00251 -00125 -00944;   
-00025 -00177 -00949;   
+00095 -00216 -00918;   
+00293 -00270 -00880;   
+00389 -00309 -00839;   
+00625 -00747 -00689;   
+00729 -00530 -00595;   
+00760 -00529 -00570;   
+00711 -00578 -00462;   
+00650 -00688 -00084;   
+00535 -00842 -00250;   
+00320 -00964 -00194;   
+00659 -00902 -00032;   
+00017 -01014 -00107;   
-00121 -01010 +00002;   
-00296 -00940 +00232;   
-00431 -00911 +00262;   
-00542 -00922 +00112;   
-00581 -00804 +00059;   
-00732 -00694 +00117;   
-00873 -00601 +00027;   
-00954 -00475 -00045;   
-00936 -00322 -00190;   
-00903 -00200 -00404;   
-00859 -00204 -00453;   
-00743 -00020 -00608;   
-00822 +00064 -00583;   
-00722 +00242 -00576;   
-00684 +00411 -00608;   
-00682 +00548 -00555;   
-00625 +00558 -00500;   
-00697 +00646 -00280;   
-00710 +00670 -00133;   
-00748 +00647 +00009;   
-00732 +00638 +00112;   
-00734 +00656 +00221;   
-00775 +00528 +00297;   
-00760 +00518 +00462;   
-00773 +00374 +00538;   
-00725 +00273 +00558;   
-01024 +00208 +00523;   
-00819 +00033 +00621;   
-00792 -00149 +00613;   
-00832 -00341 +00667;   
-00695 -00490 +00616;   
-00516 -00692 +00485;   
-00332 -00518 +00556;   
-00172 -00781 +00593;   
+00028 -00864 +00596;   
+00152 -00962 +00462;   
+00344 -00918 +00217;   
+00473 -00849 +00123;   
+00631 -00757 +00001;   
+00742 -00608 -00068;   
+00794 -00477 -00296;   
+00844 -00322 -00428;   
+00867 -00132 -00536;   
+00864 -00015 -00613;   
+00710 +00144 -00714;   
+00601 +00322 -00782;   
+00491 +00464 -00694;   
+00381 +00537 -00747;   
+00000 +00637 -00726;   
+00050 +00711 -00697;   
-00083 +00707 -00725;   
-00300 +00718 -00792;   
-00410 +00624 -00689;   
-00517 +00473 -00700;   
-00675 +00338 -00638;   
-00834 +00234 -00557;   
-00852 +00107 -00434;   
-00883 +00047 -00378;   
-00967 -00158 -00275;   
-00922 -00317 -00286;   
-00899 -00466 -00172;   
-00837 -00489 +00045;   
-00818 -00572 +00134;   
-00781 -00645 +00320;   
-00708 -00604 +00419;   
-00620 -00570 +00520;   
-00530 -00521 +00743;   
-00410 -00472 +00846;   
-00348 -00504 +00816;   
-00250 -00563 +00848;   
-00134 -00573 +00796;   
+00079 -00570 +00863;   
+00222 -00537 +00741;   
+00289 -00620 +00559;   
+00325 -00707 +00600;   
+00367 -00758 +00559;   
+00362 -00759 +00552;   
+00421 -00758 +00491;   
+00465 -00768 +00403;   
+00577 -00748 +00335;   
+00641 -00681 +00269;   
+00736 -00633 +00226;   
+00763 -00557 +00191;   
+00805 -00759 +00174;   
+00900 -00380 +00140;   
+00969 -00299 +00065;   
+00957 -00157 +00054;   
+00951 -00020 +00006;   
+00952 +00132 -00043;   
+00939 +00275 -00141;   
+00906 +00374 -00058;   
+00855 +00474 -00077;   
+00848 +00531 -00132;   
+00789 +00566 -00192;   
+00722 +00649 -00183;   
+00661 +00708 -00224;   
+00593 +00734 -00302;   
+00493 +00769 -00354;   
+00415 +00788 -00411;   
+00347 +00816 -00510;   
+00266 +00793 -00537;   
+00219 +00804 -00563;   
+00154 +00764 -00623;   
+00092 +00721 -00675;   
-00002 +00652 -00759;   
-00087 +00561 -00839;   
-00145 +00490 -00864;   
-00276 +00425 -00859;   
-00333 +00297 -00901;   
-00326 +00177 -00904;   
-00364 +00072 -00877;   
-00383 +00013 -00901;   
-00368 -00125 -00953;   
-00297 -00183 -00925;   
-00270 -00288 -00948;   
-00209 -00375 -00923;   
-00148 -00363 -00967;   
-00027 -00296 -00963;   
+00102 -00190 -01006;   
+00158 -00033 -01020;   
+00235 +00131 -00947;   
+00233 +00236 -00918;   
+00184 +00388 -00896;   
+00139 +00504 -00897;   
+00074 +00570 -00777;   
+00042 +00657 -00806;   
+00044 +00738 -00665;   
+00137 +00773 -00557;   
+00195 +00825 -00491;   
+00259 +00854 -00400;   
+00292 +00908 -00267;   
+00313 +00965 -00134;   
+00316 +00983 -00111;   
+00322 +00976 +00004;   
+00348 +00919 +00089;   
+00381 +00856 +00201;   
+00456 +00826 +00275;   
+00473 +00800 +00271;   
+00497 +01019 +00341;   
+00565 +00703 +00401;   
+00636 +00615 +00451;   
+00633 +00506 +00535;   
+00657 +00364 +00550;   
+00614 +00365 +00637;   
+00588 +00269 +00694;   
+00612 +00106 +00708;   
+00656 +00036 +00757;   
+00722 -00062 +00746;   
+00732 -00242 +00639;   
+00701 -00445 +00568;   
+00684 -00530 +00487;   
+00630 -00610 +00429;   
+00508 -00713 +00367;   
+00509 -00762 +00403;   
+00425 -00813 +00362;   
+00328 -00863 +00311;   
+00249 -00961 +00237;   
+00144 -00974 +00154;   
+00082 -01093 -00044;   
+00252 -00787 -00085;   
-00015 -00990 -00204;   
-00023 -00972 -00346;   
-00006 -00859 -00504;   
+00050 -00771 -00610;   
+00097 -00696 -00732;   
+00174 -00568 -00806;   
+00253 -00435 -00886;   
+00346 -00317 -00992;   
+00445 -00084 -00911;   
+00497 +00249 -00873;   
+00561 +00142 -00799;   
+00614 +00281 -00639;   
+00677 +00760 -00695;   
+00658 +00620 -00464;   
+00651 +00649 -00347;   
+00568 +00697 -00209;   
+00490 +00852 -00135;   
+00459 +00886 -00083;   
+00336 +00935 -00255;   
+00218 +00875 +00003;   
+00125 +00959 -00035;   
+00070 +00999 +00032;   
-00131 +00915 -00010;   
-00169 +00972 +00255;   
-00251 +00918 +00071;   
-00387 +00885 +00035;   
-00470 +00867 +00035;   
-00528 +00782 +00007;   
-00652 +00722 +00067;   
-00741 +00638 +00086;   
-00809 +00530 +00151;   
-00862 +00445 +00190;   
-00898 +00367 +00133;   
-00907 +00304 +00213;   
-00965 +00205 +00270;   
-01006 +00173 +00241;   
-01042 +00019 +00230;   
-00975 -00097 +00218;   
-00995 -00308 +00223;   
-00905 -00491 +00154;   
-00811 -00522 +00191;   
-00716 -00708 +00197;   
-00598 -00796 +00177;   
-00451 -00842 +00242;   
-00240 -00885 +00373;   
-00045 -00879 +00508;   
+00086 -00732 +00704;   
+00309 -00632 +01018;   
+00359 -00345 +00850;   
+00466 -00130 +00870;   
+00532 -00014 +00916;   
+00499 +00169 +00839;   
+00536 +00302 +00747;   
+00589 +00378 +00678;   
+00654 +00464 +00648;   
+00702 +00461 +00435;   
+00631 +00594 +00434;   
+00583 +00708 +00341;   
+00526 +00743 +00135;   
+00458 +00745 +00325;   
+00285 +00948 +00361;   
+00140 +00929 +00257;   
+00023 +00844 +00318;   
-00125 +00818 +00305;   
-00254 +01070 +00324;   
-00019 +00974 +00049;   
-00398 +01030 +00053;   
-00493 +00904 -00086;   
-00533 +00799 -00268;   
-00570 +00618 -00402;   
-00627 +00425 -00544;   
-00594 +00299 -00625;   
-00514 +00209 -00806;   
-00440 +00049 -00861;   
-00199 -00221 -01338;   
-00167 -00170 -00941;   
-00056 -00311 -00784;   
+00171 -00516 -00932;   
+00416 -00441 -00540;   
+00445 -00457 -00754;   
+00614 -00764 -00585;   
+00767 -00163 -00746;   
+00771 -00051 -00473;   
+00835 +00504 -00537;   
+00819 +00461 -00226;   
+00702 +00674 -00025;   
+00517 +00789 +00107;   
+00363 +00888 +00274;   
+00261 +00928 +00362;   
+00181 +00951 +00385;   
+00125 +00976 +00454;   
+00322 +00833 +00534;   
+00635 +00522 +00495;   
+00800 +00220 +00366;   
+00906 -00083 +00321;   
+00927 -00375 +00288;   
+00828 -00471 +00287;   
+00707 -00555 +00288;   
+00646 -00669 +00287;   
+00514 -00753 +00329;   
+00435 -00830 +00305;   
+00259 -00896 +00344;   
+00172 -00932 +00266;   
+00052 -00937 +00273;   
-00024 -01008 +00156;   
-00152 -01049 +00073;   
-00264 -00983 +00063;   
-00337 -00958 -00060;   
-00462 -00901 -00091;   
-00574 -00851 -00150;   
-00780 -00726 -00093;   
-00762 -00630 -00259;   
-00802 -00518 -00289;   
-00889 -00433 -00327;   
-00930 -00292 -00280;   
-00941 -00170 -00275;   
-00952 +00248 -00374;   
-00982 +00017 -00505;   
-00955 +00038 -00508;   
-00917 +00145 -00321;   
-00951 +00188 -00363;   
-00850 +00148 -00427;   
-00837 +00244 -00499;   
-00758 +00338 -00513;   
-00703 +00682 -00074;   
-00584 +00488 -00572;   
-00471 +00547 -00654;   
-00334 +00569 -00834;   
-00124 +00554 -00885;   
-00027 +00467 -00887;   
+00187 +00480 -00862;   
+00326 +00340 -00942;   
+00465 +00288 -00883;   
+00561 +00083 -00820;   
+00591 -00068 -00761;   
+00728 -00123 -00688;   
+00686 -00328 -00632;   
+00729 -00449 -00572;   
+00727 -00505 -00497;   
+00712 -00579 -00424;   
+00656 -00648 -00308;   
+00719 -00653 -00508;   
+00727 -00719 -00226;   
+00629 -01023 -00082;   
+00575 -00783 +00005;   
+00538 -00800 +00091;   
+00497 -00719 +00274;   
+00256 -01006 +00480;   
+00391 -00858 +00299;   
+00372 -00896 +00234;   
+00302 -00901 +00272;   
+00199 -00867 +00375;   
+00096 -00942 +00410;   
-00077 -00939 +00451;   
-00169 -00881 +00482;   
-00272 -00909 +00518;   
-00358 -00699 +00499;   
-00583 -00564 +00711;   
-00728 -00496 +00591;   
-00725 -00361 +00614;   
-00883 -00312 +00383;   
-00908 -00173 +00260;   
-00989 -00007 +00192;   
-00931 +00174 +00074;   
-00987 +00338 -00072;   
-00836 +00449 -00074;   
-00754 +00590 -00101;   
-00642 +00722 -00139;   
-00410 +00836 -00171;   
-00216 +00900 -00127;   
-00055 +00907 -00510;   
-00251 +00969 -00215;   
+00141 +00967 -00108;   
+00256 +01002 +00094;   
+00240 +00909 +00248;   
+00157 +00873 +00422;   
+00063 +00790 +00582;   
-00021 +00617 +00797;   
-00129 +00401 +00832;   
-00188 +00312 +00983;   
-00239 +00101 +00989;   
-00336 -00096 +00905;   
-00497 -00211 +00833;   
-00427 -00192 +00914;   
-00408 -00319 +00956;   
-00223 -00485 +00547;   
-00319 -00448 +00875;   
-00288 -00355 +01269;   
-00176 -00384 +00926;   
-00114 -00480 +00832;   
+00024 -00630 +00829;   
-00249 -00650 +00660;   
+00197 -00750 +00572;   
+00170 -00613 +00350;   
+00754 -00656 +00347;   
+00764 -00479 +00328;   
+00824 -00355 +00273;   
+00928 -00292 +00156;   
+00997 -00095 +00191;   
+01005 +00198 +00023;   
+00917 +00351 -00031;   
+00859 +00542 -00041;   
+00822 +00589 -00074;   
+00764 +00638 -00146;   
+00552 +00714 -00177;   
+00338 +00824 -00470;   
+00210 +00746 -00685;   
+00106 +00739 -00671;   
+00020 +00715 -00635;   
-00073 +00714 -00738;   
-00115 +00666 -00709;   
-00125 +00611 -00737;   
-00170 +00537 -00787;   
-00221 +00493 -00823;   
-00235 +00421 -00878;   
-00279 +00369 -00930;   
-00305 +00270 -00943;   
-00289 +00177 -00937;   
-00315 +00082 -00953;   
-00304 +00017 -00979;   
-00311 -00078 -00771;   
-00286 -00182 -00997;   
-00310 -00395 -00793;   
-00199 -00602 -00780;   
-00109 -00638 -00712;   
-00067 -00754 -00638;   
-00087 -00904 -00519;   
-00024 -00930 -00380;   
-00033 -00977 -00342;   
+00058 -00984 -00234;   
+00078 -00985 -00023;   
+00160 -00985 +00085;   
+00171 -00971 +00209;   
+00246 -00878 +00346;   
+00302 -00793 +00476;   
+00387 -00711 +00646;   
+00427 -00484 +00670;   
+00533 -00342 +00722;   
+00606 -00162 +00767;   
+00663 -00123 +00526;   
+00773 +00012 +00605;   
+00819 +00033 +00256;   
+00857 +00126 +00439;   
+00956 +00204 +00266;   
+00922 +00293 +00178;   
+00917 +00343 +00069;   
+00899 +00398 -00092;   
+00890 +00384 -00187;   
+00890 +00465 -00235;   
+00854 +00395 -00361;   
+00736 +00370 -00529;   
+00641 +00297 -00677;   
+00602 +00270 -00753;   
+00679 +00138 -00801;   
+00624 +00060 -00843;   
+00535 -00037 -00838;   
+00393 -00103 -00957;   
+00230 -00180 -00993;   
+00128 -00184 -00991;   
+00012 -00260 -01048;   
-00100 -00329 -00982;   
-00289 -00366 -00892;   
-00410 -00324 -00900;   
-00566 -00224 -00781;   
-00583 -00085 -00793;   
-00754 +00086 -00591;   
-00844 +00188 -00543;   
-00849 +00004 -00045;   
-00899 +00342 -00037;   
-00918 +00306 -00024;   
-00848 +00362 +00269;   
-00812 +00326 +00374;   
-00761 +00334 +00719;   
-00671 +00161 +00693;   
-00714 +00140 +00898;   
-00715 +00023 +00687;   
-00779 -00117 +00684;   
-00860 -00149 +00641;   
-00810 -00444 +00599;   
-00768 -00568 +00417;   
-00729 -00659 +00394;   
-00631 -00806 +00260;   
-00546 -00883 +00121;   
-00329 -00928 +00044;   
-00166 -00775 +00004;   
-00121 -00977 -00052;   
+00037 -01045 -00089;   
+00105 -00955 -00229;   
+00131 -00855 -00398;   
+00216 -00792 -00557;   
+00271 -00643 -00703;   
+00253 -00500 -00869;   
+00290 -00390 -00910;   
+00284 -00006 -00822;   
+00368 -00086 -01022;   
+00311 -00077 -00860;   
+00269 -00215 -00953;   
+00406 -00195 -01000;   
+00489 -00112 -00903;   
+00442 +00174 -00773;   
+00593 +00012 -00867;   
+00514 +00141 -00762;   
+00458 +00176 -00843;   
+00540 +00285 -00817;   
+00484 +00380 -00825;   
+00366 +00450 -00749;   
+00307 +00561 -00702;   
+00250 +00671 -00686;   
+00120 +00807 -00608;   
+00010 +01016 -00550;   
-00113 +00800 -00467;   
-00247 +00861 -00444;   
-00300 +00836 -00364;   
-00429 +00814 -00335;   
-00538 +00846 -00152;   
-00606 +00833 -00089;   
-00644 +00668 +00039;   
-00666 +00732 +00128;   
-00655 +00773 +00093;   
-00691 +00802 +00119;   
-00628 +00793 +00088;   
-00652 +00780 +00067;   
-00488 +00799 +00004;   
-00510 +00843 -00099;   
-00542 +00905 -00155;   
-00528 +00839 -00210;   
-00550 +00810 -00112;   
-00560 +00758 -00171;   
-00584 +00712 -00148;   
-00544 +00690 -00292;   
-00563 +00705 -00343;   
-00574 +00566 -00542;   
-00602 +00419 -00629;   
-00672 +00244 -00750;   
-00731 +00141 -00681;   
-00750 -00041 -00547;   
-00850 -00209 -00456;   
-00833 -00233 -00277;   
-00879 -00286 -00199;   
-00923 -00508 -00180;   
-00942 -00504 +00039;   
-00915 -00238 +00240;   
-00937 -00391 +00366;   
-00802 -00191 +00464;   
-00825 -00038 +00646;   
-00703 +00148 +00763;   
-00509 +00341 +00713;   
-00350 +00536 +00724;   
-00286 +00778 +00644;   
-00146 +00938 +00425;   
+00023 +00895 +00320;   
+00241 +00928 +00047;   
+00428 +00873 -00037;   
+00522 +00933 -00156;   
+00692 +00742 -00269;   
+00802 +00526 -00356;   
+00885 +00469 -00379;   
+00833 +00123 -00765;   
+00858 -00010 -00550;   
+00811 -00243 -00417;   
+00625 -00557 -00454;   
+00464 -00783 -00468;   
+00294 -00906 -00426;   
+00174 -00917 -00378;   
+00170 -00986 -00349;   
+00142 -00980 -00159;   
+00205 -00940 -00132;   
+00115 -01067 -00153;   
+00001 -00855 +00442;   
-00026 -00807 +00640;   
+00016 -00796 +00622;   
+00073 -00636 +00683;   
+00033 -00543 +00798;   
-00020 -00371 +00987;   
-00009 -00322 +00907;   
-00069 -00021 +01139;   
-00129 -00053 +00938;   
-00173 -00032 +01035;   
-00288 +00265 +00916;   
-00325 +00406 +00859;   
-00344 +00533 +00516;   
-00379 +00685 +00589;   
-00317 +00570 +00571;   
-00190 +00759 +00541;   
+00020 +00798 +00542;   
+00099 +00745 +00513;   
+00299 +00625 +00689;   
+00378 +00532 +00781;   
+00465 +00431 +00796;   
+00548 +00256 +00709;   
+00568 +00049 +00565;   
+00646 +00084 +00264;   
+00913 +00091 +00267;   
+00956 +00239 +00504;   
+00882 -00130 +00466;   
+00859 -00248 +00432;   
+00819 -00318 +00448;   
+00745 -00458 +00311;   
+00822 -00483 +00208;   
+00801 -00628 +00016;   
+00751 -00683 -00132;   
+00578 -00737 -00197;   
+00469 -00762 -00375;   
+00276 -00754 -00611;   
+00108 -00718 -00670;   
-00054 -00622 -00812;   
-00175 -00555 -00745;   
-00377 -00363 -00746;   
-00355 -00306 -00920;   
-00417 -00044 -00792;   
-00322 +00177 -00891;   
-00318 +00415 -00839;   
-00302 +00680 -00642;   
-00393 +00824 -00464;   
-00375 +00816 -00347;   
-00332 +00846 -00426;   
-00303 +01273 -00375;   
-00068 +00886 -00324;   
+00113 +01125 -00203;   
+00099 +00912 -00033;   
+00332 +00957 -00009;   
+00446 +00874 +00077;   
+00541 +00817 +00070;   
+00682 +00729 +00050;   
+00892 +00723 +00044;   
+00808 +00304 +00326;   
+00769 +00318 -00025;   
+01084 +00262 +00395;   
+00966 +00159 +00213;   
+00941 +00243 +00147;   
+01034 +00036 +00083;   
+00863 -00428 +00161;   
+00618 -00709 +00207;   
+00456 -00846 +00192;   
+00340 -00973 +00165;   
+00225 -01023 +00201;   
+00148 -01000 +00232;   
+00154 -00971 +00152;   
+00229 -00952 +00011;   
+00334 -00999 -00167;   
+00365 -00913 -00330;   
+00380 -00519 -00497;   
+00340 -00655 -00630;   
+00227 -00634 -00835;   
+00065 -00574 -00929;   
-00052 -00408 -00891;   
-00159 -00369 -00971;   
-00169 -00190 -00991;   
-00173 -00099 -01000;   
-00054 +00061 -00937;   
-00076 +00386 -00883;   
-00019 +00555 -00814;   
-00025 +00641 -00672;   
-00042 +00696 -00593;   
+00063 +00901 -00501;   
+00011 +00982 -00317;   
-00051 +00888 -00141;   
+00070 +00765 -00118;   
+00078 +01049 +00132;   
+00196 +01000 +00221;   
+00329 +00868 +00256;   
+00481 +00909 +00239;   
+00577 +00618 +00446;   
+00742 +00460 +00379;   
+00888 +00376 +00404;   
+00875 +00222 +00354;   
+00874 -00038 +00312;   
+00889 -00291 +00274;   
+00832 -00322 +00370;   
+00835 -00425 +00375;   
+00771 -00546 +00390;   
+00578 -00516 +00495;   
+00619 -00467 +00418;   
+00537 -00450 +00594;   
+00524 -00450 +00665;   
+00420 -00119 +00930;   
+00438 +00038 +00852;   
+00419 +00223 +01044;   
+00290 +00591 +00808;   
+00324 +00635 +00735;   
+00438 +00655 +00536;   
+00527 +00743 +00479;   
+00506 +00737 +00456;   
+00568 +00718 +00377;   
+00637 +00664 +00276;   
+00714 +00708 +00063;   
+00538 +00743 +00069;   
+00718 +00705 -00189;   
+00623 +00688 -00374;   
+00674 +00737 -00211;   
+00578 +00664 -00249;   
+00537 +00792 -00327;   
+00327 +00796 -00314;   
+00177 +00896 -00216;   
+00042 +00947 -00222;   
-00223 +00977 -00139;   
-00323 +00988 -00185;   
-00452 +00835 -00195;   
-00547 +00798 -00394;   
-00526 +00703 -00455;   
-00422 +00604 -00641;   
-00293 +00517 -00751;   
-00157 +00594 -00828;   
-00031 +00509 -00902;   
+00132 +00430 -00836;   
+00324 +00367 -00790;   
+00445 +00427 -00734;   
+00627 +00559 -00492;   
+00782 +00662 -00238;   
+00850 +00640 -00027;   
+00816 +00464 +00106;   
+00821 +00308 +00186;   
+00830 +00195 +00330;   
+00753 -00127 +00446;   
+00680 -00391 +00631;   
+00450 -00521 +00775;   
+00137 -00585 +00810;   
+00066 -00603 +00813;   
-00132 -00656 +00823;   
-00365 -00595 +00775;   
-00315 -00295 +00891;   
-00583 -00312 +00813;   
-00712 -00319 +00599;   
-00710 -00097 +00693;   
-00779 +00076 +00738;   
-00689 +00392 +00594;   
-00657 +00382 +00554;   
-00552 +00635 +00457;   
-00710 +00809 +00579;   
-00363 +00743 +00544;   
+00037 +00887 +00464;   
+00028 +01251 +00310;   
+00252 +00841 +00422;   
+00215 +00838 +00424;   
+00272 +00745 +00476;   
+00383 +00842 +00547;   
+00499 +00755 +00563;   
+00527 +00636 +00603;   
+00607 +00588 +00445;   
+00664 +00664 +00387;   
+00727 +00614 +00233;   
+00800 +00619 +00054;   
+00705 +00513 -00136;   
+00702 +00683 -00193;   
+00619 +00658 -00355;   
+00540 +00676 -00493;   
+00460 +00622 -00564;   
+00389 +00631 -00548;   
+00001 +00685 -00741;   
+00085 +00654 -00710;   
-00090 +00571 -00854;   
-00344 +00460 -00819;   
-00567 +00484 -00568;   
-00791 +00407 -00398;   
-00833 +00350 -00218;   
-00969 +00278 -00081;   
-00960 +00360 -00099;   
-00851 +00412 -00072;   
-00861 +00541 +00114;   
-00736 +00543 +00229;   
-00609 +00596 +00500;   
-00463 +00598 +00600;   
-00350 +00648 +00797;   
-00101 +00800 +00730;   
+00005 +00798 +00518;   
+00233 +00868 +00158;   
+00446 +00839 +00416;   
+00579 +00818 +00158;   
+00653 +00727 -00243;   
+00693 +00623 -00145;   
+00751 +00680 -00292;   
+00719 +00592 -00454;   
+00730 +00424 -00467;   
+00750 +00295 -00568;   
+00743 +00176 -00636;   
+00709 +00013 -00723;   
+00736 -00031 -00722;   
+00692 -00145 -00685;   
+00632 -00004 -00670;   
+00632 -00320 -00699;   
+00554 -00384 -00719;   
+00494 -00455 -00681;   
+00560 -00507 -00791;   
+00466 -00579 -00702;   
+00339 -00708 -00570;   
+00363 -00804 -00526;   
+00320 -00806 -00501;   
+00194 -00876 -00472;   
+00147 -00902 -00434;   
+00068 -00955 -00488;   
-00121 -01041 -00527;   
-00003 -00954 -00342;   
-00401 -00933 -00218;   
-00478 -00926 -00148;   
-00499 -00939 +00238;   
-00593 -00770 -00256;   
-00721 -00806 +00051;   
-00766 -00758 +00067;   
-00809 -00540 +00241;   
-00805 -00477 +00318;   
-00872 -00341 +00479;   
-00777 -00363 +00520;   
-00843 -00392 +00485;   
-00795 -00339 +00541;   
-00741 -00516 +00534;   
-00867 -00470 +00431;   
-00909 -00298 +00457;   
-00870 -00155 +00450;   
-00951 -00073 +00356;   
-00948 -00026 +00369;   
-00894 -00015 +00327;   
-00937 +00070 +00081;   
-01060 +00218 -00010;   
-00949 +00119 -00149;   
-00861 +00101 -00346;   
-00822 +00160 -00473;   
-00702 +00320 -00577;   
-00620 +00525 -00647;   
-00420 +00560 -00758;   
-00249 +00608 -00743;   
+00054 +00693 -00669;   
+00298 +00698 -00686;   
+00444 +00639 -00688;   
+00560 +00571 -00642;   
+00683 +00456 -00597;   
+00722 +00315 -00560;   
+00789 +00144 -00609;   
+00781 +00094 -00584;   
+00829 +00005 -00573;   
+00862 -00064 -00530;   
+00835 -00143 -00488;   
+00779 -00295 -00537;   
+00783 -00378 -00495;   
+00761 -00443 -00389;   
+00704 -00467 -00465;   
+00711 -00605 -00335;   
+00581 -00668 -00217;   
+00491 -00845 -00186;   
+00438 -01002 -00097;   
+00253 -00981 +00036;   
+00367 -00833 +00364;   
+00084 -01044 +00110;   
-00093 -01013 +00267;   
-00254 -01070 +00254;   
-00312 -00920 +00326;   
-00376 -00770 +00414;   
-00491 -00708 +00384;   
-00512 -00725 +00563;   
-00572 -00686 +00485;   
-00597 -00633 +00447;   
-00786 -00527 +00453;   
-00807 -00355 +00485;   
-00836 -00189 +00506;   
-00891 -00042 +00492;   
-00899 +00163 +00472;   
-00842 +00323 +00529;   
-00782 +00353 +00550;   
-00722 +00409 +00506;   
-00679 +00417 +00549;   
-00657 +00497 +00560;   
-00620 +00557 +00552;   
-00634 +00567 +00259;   
-00670 +00551 +00486;   
-00674 +00575 +00458;   
-00746 +00593 +00349;   
-00721 +00566 +00290;   
-00715 +00644 +00163;   
-00678 +00611 -00056;   
-00421 +01020 -00205;   
-00419 +00803 -00408;   
-00385 +00802 -00518;   
-00322 +00691 -00614;   
-00280 +00542 -00670;   
-00211 +00295 -00884;   
-00179 +00328 -00895;   
-00132 +00103 -01001;   
+00005 -00108 -00928;   
+00017 -00201 -00995;   
+00058 -00342 -00962;   
+00078 -00457 -00875;   
+00095 -00551 -00857;   
+00129 -00648 -00822;   
+00184 -00738 -00711;   
+00238 -00816 -00608;   
+00202 -00824 -00478;   
+00196 -00897 -00446;   
+00224 -00959 -00362;   
+00190 -00988 -00275;   
+00091 -01000 -00242;   
+00000 -01006 -00006;   
-00076 -01010 -00012;   
-00228 -00986 +00144;   
-00236 -01206 +00087;   
-00400 -00805 +00104;   
-00460 -00828 +00353;   
-00568 -00520 +00262;   
-00627 -00658 +00521;   
-00698 -00562 +00540;   
-00736 -00547 +00525;   
-00723 -00358 +00607;   
-00789 -00256 +00600;   
-00914 -00160 +00441;   
-00868 -00157 +00534;   
-00914 -00024 +00462;   
-00883 +00109 +00467;   
-00963 +00200 +00453;   
-00856 +00264 +00361;   
-00835 +00422 +00373;   
-00776 +00530 +00305;   
-00679 +00641 +00000;   
-00589 +00801 +00232;   
-00439 +00856 +00181;   
-00287 +00909 +00174;   
-00087 +00951 +00169;   
+00096 +00916 +00150;   
+00280 +00998 +00192;   
+00448 +00878 +00137;   
+00590 +00785 +00122;   
+00683 +00669 +00069;   
+00829 +00489 +00048;   
+00893 +00368 +00005;   
+00943 +00320 -00034;   
+00928 +00243 -00047;   
+00945 +00193 -00086;   
+00952 +00079 -00223;   
+01010 +00133 -00279;   
+00916 +00164 -00379;   
+00892 +00081 -00430;   
+00810 -00004 -00625;   
+00853 -00240 -00698;   
+00704 -00209 -00648;   
+00540 -00210 -00886;   
+00431 -00148 -00891;   
+00311 -00043 -00848;   
+00178 +00153 -00966;   
+00056 +00279 -00922;   
-00017 +00455 -00875;   
-00052 +00641 -01024;   
-00029 +00729 -00676;   
+00025 +00807 -00533;   
+00052 +00895 -00468;   
+00069 +00920 -00324;   
+00130 +00935 -00255;   
+00178 +00945 -00117;   
+00202 +00939 +00002;   
+00290 +00936 +00053;   
+00337 +00943 +00061;   
+00438 +00900 +00035;   
+00477 +00855 +00000;   
+00624 +00729 +00042;   
+00668 +00668 +00200;   
+00764 +00610 +00133;   
+00793 +00538 +00185;   
+00791 +00477 +00328;   
+00810 +00332 +00424;   
+00813 +00266 +00412;   
+00773 +00165 +00528;   
+00697 +00088 +00631;   
+00677 -00038 +00731;   
+00609 -00031 +00745;   
+00441 -00100 +00878;   
+00400 -00144 +00879;   
+00301 -00146 +00925;   
+00276 -00200 +00946;   
+00128 -00212 +00957;   
+00019 -00251 +01010;   
-00114 -00473 +00975;   
-00110 -00125 +01004;   
-00121 -00083 +00975;   
-00130 +00020 +00914;   
+00015 +00153 +01048;   
+00091 +00301 +01003;   
+00144 +00339 +00950;   
+00302 +00339 +00898;   
+00415 +00298 +00873;   
+00571 +00250 +00800;   
+00694 +00195 +00656;   
+00768 +00173 +00630;   
+00847 +00074 +00513;   
+00885 +00010 +00364;   
+00921 +00023 +00218;   
+01045 -00019 +00034;   
+00991 -00024 -00070;   
+00901 -00041 -00203;   
+00837 +00067 -00369;   
+00804 +00154 -00470;   
+00814 +00001 -00590;   
+00743 +00305 -00599;   
+00642 +00346 -00721;   
+00511 +00336 -00824;   
+00316 +00289 -00897;   
+00291 +00272 -01007;   
+00158 +00195 -01006;   
+00126 +00060 -00973;   
+00115 +00053 -01037;   
+00064 -00173 -00976;   
+00124 -00430 -00886;   
+00130 -00572 -00892;   
+00108 -00677 -00689;   
+00028 -00778 -00677;   
-00043 -00786 -00465;   
-00256 -00821 -00524;   
-00345 -00819 -00457;   
-00478 -00828 -00400;   
-00607 -00720 -00460;   
-00745 -00593 -00401;   
-00829 -00453 -00766;   
-00863 -00232 -00421;   
-00834 -00050 -00376;   
-00733 +00186 -00522;   
-00767 +00369 -00444;   
-00751 +00493 -00461;   
-00538 +00600 -00523;   
-00415 +00719 -00561;   
-00359 +00736 -00537;   
-00132 +00836 -00582;   
+00062 +00735 -00597;   
+00204 +00785 -00450;   
+00334 +00712 -00579;   
+00634 +00507 -00656;   
+00741 +00156 -00722;   
+00725 -00201 -00604;   
+00655 -00379 -00658;   
+00525 -00575 -00822;   
+00269 -00592 -00850;   
+00027 -00565 -00818;   
-00136 -00644 -00840;   
-00230 -00262 -00867;   
-00312 -00413 -00801;   
-00404 -00485 -00822;   
-00520 -00398 -00553;   
-00704 -00651 -00396;   
-00804 -00585 -00102;   
-00677 -00694 +00095;   
-00839 -00533 +00291;   
-00922 -00345 +00466;   
-00869 +00075 +00625;   
-00692 +00313 +00712;   
-00535 +00766 +00778;   
-00329 +00460 +00807;   
-00116 +00546 +00795;   
+00013 +00618 +00733;   
+00082 +00705 +00830;   
+00247 +00563 +00683;   
+00237 +00564 +00835;   
+00402 +00673 +00647;   
+00452 +00522 +00700;   
+00425 +00581 +00649;   
+00474 +00566 +00592;   
+00427 +00702 +00595;   
+00387 +00685 +00508;   
+00311 +00751 +00340;   
+00195 +00933 +00111;   
+00164 +01232 +00029;   
+00007 +00976 +00004;   
-00167 +00970 -00169;   
-00254 +00946 -00206;   
-00347 +00844 -00317;   
-00458 +00772 -00295;   
-00610 +00664 -00375;   
-00696 +00602 -00400;   
-00765 +00394 -00476;   
-00776 +00152 -00766;   
-00896 +00073 -00445;   
-00899 +00063 -00664;   
-00862 +00057 -00586;   
-00865 +00095 -00383;   
-00940 -00091 -00345;   
-00912 -00043 -00332;   
-01279 +00037 -00384;   
-00923 +00012 -00296;   
-00939 -00146 -00315;   
-00893 -00271 -00389;   
-00783 -00460 -00449;   
-00679 -00594 -00447;   
-00415 -00777 -00502;   
-00246 -00837 -00496;   
-00163 -00818 -00614;   
-00107 -00812 -00645;   
+00250 -00837 -00743;   
+00143 -00667 -00644;   
+00270 -00622 -00632;   
+00188 -00601 -00731;   
+00208 -00548 -00827;   
+00274 -00578 -00859;   
+00443 -00505 -00691;   
+00585 -00417 -00730;   
+00591 -00593 -00640;   
+00624 -00689 -00585;   
+00540 -00742 -00397;   
+00401 -00791 -00182;   
+00219 -00902 -00034;   
+00008 -00960 +00085;   
-00264 -00997 +00090;   
-00439 -00978 +00017;   
-00601 -00721 +00125;   
-00832 -00439 +00062;   
-01007 -00038 +00121;   
-00877 +00393 +00174;   
-00692 +00734 +00252;   
-00408 +00876 +00256;   
-00194 +00937 +00296;   
-00040 +00953 +00262;   
+00159 +00900 +00270;   
+00242 +00892 +00288;   
+00270 +00887 +00309;   
+00468 +00837 +00281;   
+00499 +00806 +00285;   
+00587 +00731 +00280;   
+00660 +00701 +00183;   
+00733 +00620 +00153;   
+00875 +00471 +00019;   
+00813 +00440 -00083;   
+00908 +00318 -00209;   
+00872 +00290 -00275;   
+00953 +00149 -00333;   
+00990 +00129 -00354;   
+00923 +00137 -00385;   
+00878 +00035 -00362;   
+00885 -00028 -00387;   
+00890 -00045 -00431;   
+00885 -00115 -00485;   
+00847 -00167 -00527;   
+00737 -00263 -00586;   
+00685 -00431 -00647;   
+00640 -00478 -00661;   
+00525 -00471 -00569;   
+00567 -00529 -00667;   
+00556 -00581 -00585;   
+00268 -00619 -00536;   
+00463 -00697 -00671;   
+00369 -00713 -00580;   
+00221 -00734 -00623;   
+00129 -00841 -00614;   
+00013 -00756 -00566;   
-00026 -00791 -00565;   
-00091 -00830 -00635;   
-00270 -00736 -00620;   
-00381 -00677 -00685;   
-00425 -00604 -00642;   
-00551 -00550 -00631;   
-00592 -00508 -00681;   
-00643 -00371 -00604;   
-00742 -00217 -00601;   
-00826 -00031 -00579;   
-00847 +00050 -00610;   
-00778 +00108 -00652;   
-00693 +00200 -00641;   
-00658 +00348 -00656;   
-00618 +00466 -00638;   
-00500 +00558 -00606;   
-00376 +00641 -00577;   
-00354 +00712 -00577;   
-00283 +00781 -00603;   
-00179 +00782 -00612;   
-00077 +00701 -00556;   
+00003 +00755 -00631;   
+00106 +00720 -00650;   
+00181 +00783 -00419;   
+00199 +00825 -00591;   
+00188 +01022 -00459;   
+00327 +00814 -00407;   
+00411 +00823 -00315;   
+00546 +00819 -00192;   
+00557 +00779 -00090;   
+00647 +00804 +00004;   
+00635 +00512 +00093;   
+00582 +00740 +00218;   
+00626 +00727 +00297;   
+00593 +00621 +00401;   
+00574 +00595 +00613;   
+00475 +00307 +00514;   
+00407 +00548 +00782;   
+00202 +00436 +00963;   
+00177 +00459 +00881;   
+00146 +00397 +00847;   
-00082 +00313 +00967;   
-00134 +00242 +00937;   
-00196 +00189 +01015;   
-00277 +00122 +01028;   
-00131 +00237 +00777;   
-00319 -00008 +00979;   
-00293 -00012 +00932;   
-00392 -00098 +00925;   
-00360 -00088 +00918;   
-00461 -00196 +00935;   
-00446 -00216 +00880;   
-00439 -00231 +00852;   
-00422 -00321 +00831;   
-00473 -00367 +00880;   
-00475 -00431 +00803;   
-00458 -00468 +00817;   
-00463 -00571 +00725;   
-00359 -00694 +00676;   
-00201 -00723 +00665;   
-00106 -00811 +00570;   
-00055 -00796 +00586;   
-00175 -00853 +00787;   
+00134 -00674 +00579;   
+00294 -00787 +00445;   
+00377 -00745 +00456;   
+00629 -00528 +00473;   
+00666 -00632 +00210;   
+00701 -00604 +00249;   
+00737 -00684 +00133;   
+00691 -00500 +00198;   
+00846 -00480 +00104;   
+00828 -00581 +00097;   
+00820 -00373 +00011;   
+00823 -00523 -00108;   
+00862 -00407 -00207;   
+00913 -00318 -00229;   
+00953 -00194 -00327;   
+00850 -00176 -00348;   
+00805 -00167 -00589;   
+00714 -00127 -00777;   
+00593 -00057 -00868;   
+00453 -00022 -00859;   
+00284 -00002 -00925;   
+00173 +00030 -00956;   
+00051 +00044 -01012;   
-00090 +00076 -01058;   
-00124 +00125 -00989;   
-00147 +00206 -00941;   
-00169 +00356 -00807;   
-00174 +00723 -00880;   
-00098 +00632 -00745;   
-00088 +00523 -00632;   
-00126 +00911 -00521;   
-00091 +00920 -00510;   
-00070 +00925 -00364;   
-00072 +00938 -00343;   
+00101 +00850 -00306;   
-00056 +00932 -00155;   
+00136 +00868 -00043;   
+00032 +00960 +00034;   
+00096 +00973 +00206;   
+00201 +00986 +00371;   
+00225 +00675 +00344;   
+00086 +00880 +00520;   
-00008 +00846 +00567;   
-00082 +01023 +00620;   
-00160 +00679 +00706;   
-00287 +00452 +00858;   
-00286 +00242 +00891;   
-00182 +00244 +00949;   
-00091 +00178 +00955;   
-00041 +00233 +01053;   
+00010 +00237 +00968;   
+00088 +00317 +00974;   
+00176 +00364 +00896;   
+00203 +00410 +00905;   
+00314 +00468 +00844;   
+00428 +00458 +00792;   
+00512 +00407 +00716;   
+00650 +00326 +00623;   
+00748 +00302 +00568;   
+00778 +00286 +00501;   
+00907 +00082 +00379;   
+00893 -00086 +00240;   
+00972 -00113 +00220;   
+00947 -00299 +00156;   
+00877 -00444 +00082;   
+00775 -00656 +00084;   
+00580 -00781 +00112;   
+00491 -00875 +00040;   
+00362 -00956 -00005;   
+00121 -00957 -00062;   
-00085 -00780 -00052;   
-00284 -00952 -00101;   
-00427 -00873 -00160;   
-00580 -00839 -00177;   
-00668 -00776 -00213;   
-00722 -00681 -00230;   
-00836 -00526 -00209;   
-00890 -00424 -00190;   
-00924 -00336 -00166;   
-00986 -00278 -00107;   
-01004 -00230 -00073;   
-00976 -00170 -00165;   
-00976 -00131 -00248;   
-00966 -00061 -00306;   
-00956 -00026 -00309;   
-00968 +00018 -00333;   
-00921 +00057 -00393;   
-00832 +00143 -00767;   
-00728 +00293 -00662;   
-00623 +00395 -00700;   
-00512 +00424 -00694;   
-00441 +00476 -00735;   
-00265 +00256 -00823;   
-00099 +00631 -00749;   
+00147 +00676 -00716;   
+00362 +00683 -00668;   
+00571 +00647 -00588;   
+00652 +00547 -00452;   
+00764 +00541 -00253;   
+00729 +00420 -00004;   
+00916 +00563 +00058;   
+00814 +00256 +00277;   
+00688 +00406 +00538;   
+00607 +00314 +00668;   
+00577 +00349 +00840;   
+00427 +00256 +00928;   
+00263 +00194 +00970;   
+00147 +00078 +00926;   
+00017 +00095 +00981;   
-00227 -00038 +01043;   
-00352 -00128 +00860;   
-00635 -00266 +00855;   
